"xexist2"  "yexist2"  "xexist2"  "ynode"  "c#1"  "c#2"  "c#3"  "c#4"  "cannot-link"
"1"  1.3680325371773  6.28278287778247  1.3680325371773  5.82560043478023  0  1  0  0  0
"2"  1.8730830422278  0.163966349372375  1.8730830422278  5.99151176359572  1  0  0  0  0
"3"  5.40843657758134  6.22193565878971  5.40843657758134  6.27238147526933  0  1  0  0  0
"4"  8.43873960788437  6.27954669496687  8.43873960788437  0.119455835442889  0  0  0  1  0
"5"  10.4589416280864  0.438015392747837  10.4589416280864  0.3410038202993  0  0  1  0  0
"6"  21.5700527391975  0.500883117414991  21.5700527391975  0.471481504481266  1  0  0  0  0
"7"  31.6710628402076  5.84395284648216  31.6710628402076  6.22115486022248  0  0  0  1  0
"8"  34.7013658705106  5.98941336844656  34.7013658705106  6.17384706966188  0  1  0  0  0
"9"  35.7114668806116  6.14714389448967  35.7114668806116  5.86253776439447  0  0  1  0  0
"10"  45.8124769816217  1.47842494386062  45.8124769816217  1.57594384194166  0  0  1  0  0
"11"  46.3175274866723  5.90746964127485  46.3175274866723  0.122715753117645  1  0  0  0  1
"12"  10.4589416280864  0.438015392747837  10.4589416280864  0.692612394456881  0  1  0  0  0
"13"  11.9740931432379  0.327686646911802  11.9740931432379  0.591096318052637  0  0  0  1  0
"14"  12.9841941533389  5.66544624247412  12.9841941533389  5.34165729411701  0  1  0  0  0
"15"  16.5195476886925  4.70042118543384  16.5195476886925  4.42069603429733  0  1  0  0  0
"16"  18.034699203844  5.36090498166824  18.034699203844  5.43440147611046  0  0  0  1  0
"17"  19.5498507189955  1.77247268326542  19.5498507189955  1.84647717249541  0  1  0  0  0
"18"  25.105406274551  6.25882269931788  25.105406274551  5.90797813353891  0  0  0  1  0
"19"  28.1357093048541  1.00550374715564  28.1357093048541  0.864627434881154  0  1  0  0  0
"20"  38.7417699109147  6.14745268086364  38.7417699109147  6.24770959816335  1  0  0  0  0
"21"  43.2872244563692  0.274651309262125  43.2872244563692  6.17580078498657  0  0  1  0  0
"22"  44.8023759715207  5.89996826235876  44.8023759715207  5.5128731264893  0  1  0  0  0
"23"  45.3074264765712  6.12539506196511  45.3074264765712  6.18070177832154  1  0  0  0  0
"24"  49.3478305169753  5.41142442383206  49.3478305169753  5.71451689608729  1  0  0  0  1
"25"  7.93368910283387  0.476167002577675  7.93368910283387  0.830576290727002  0  0  0  1  0
"26"  9.44884061798538  0.495878918340055  9.44884061798538  0.991401781105993  0  0  0  1  0
"27"  17.024598193743  1.05128047826312  17.024598193743  0.907782084323312  0  1  0  0  0
"28"  20.5599517290965  0.312878690152317  20.5599517290965  0.4364165458408  1  0  0  0  0
"29"  27.6306587998036  5.80215579711222  27.6306587998036  6.05395643224329  0  0  1  0  0
"30"  31.1660123351571  1.01964950065085  31.1660123351571  1.34421809499108  1  0  0  0  0
"31"  36.2165173856622  0.231800758958318  36.2165173856622  0.592563542051696  0  0  0  1  0
"32"  37.2266183957632  4.47877718885028  37.2266183957632  4.54664106810995  1  0  0  0  0
"33"  43.2872244563692  0.274651309262125  43.2872244563692  6.13197697981457  1  0  0  0  0
"34"  49.8528810220258  5.53145812032183  49.8528810220258  5.82841310533134  1  0  0  0  1
"35"  0.862982032126794  0.318393023774945  0.862982032126794  0.662981342847445  0  0  1  0  0
"36"  6.41853758768235  0.87865949111189  6.41853758768235  0.451614483642757  1  0  0  0  0
"37"  13.9942951634399  0.887343348394223  13.9942951634399  0.581928639830166  0  0  1  0  0
"38"  16.5195476886925  4.70042118543384  16.5195476886925  5.04816740119455  0  0  0  1  0
"39"  20.054901224046  5.18180041166108  20.054901224046  5.58862267795105  0  1  0  0  0
"40"  23.085204254349  1.64457884999733  23.085204254349  2.10393231558423  0  1  0  0  0
"41"  26.115507284652  4.96736387857967  26.115507284652  4.47252736888626  0  1  0  0  0
"42"  32.1761133452581  0.25503483662383  32.1761133452581  0.00955532645807894  1  0  0  0  0
"43"  33.1862143553591  4.32294259967022  33.1862143553591  4.07735792525783  0  0  1  0  0
"44"  35.7114668806116  6.14714389448967  35.7114668806116  0.314090942636874  0  0  1  0  0
"45"  36.7215678907127  5.68421187999485  36.7215678907127  5.66516754755577  0  0  1  0  0
"46"  37.7316689008137  0.0412993610626532  37.7316689008137  5.94848219425274  1  0  0  0  0
"47"  40.2569214260662  5.99187401450466  40.2569214260662  0.105220333441562  0  0  0  1  0
"48"  48.3377295068743  2.74493081214414  48.3377295068743  2.51032744719223  0  0  1  0  0
"49"  49.3478305169753  5.41142442383206  49.3478305169753  5.03512636831364  0  0  1  0  1
"50"  6.92358809273285  5.35400672768249  6.92358809273285  4.88749525136321  0  0  1  0  0
"51"  22.075103244248  5.26901374690444  22.075103244248  5.28211334723257  0  0  0  1  0
"52"  24.6003557695005  0.875966076415632  24.6003557695005  1.36982845552512  0  0  1  0  0
"53"  25.105406274551  6.25882269931788  25.105406274551  5.99507298554124  0  1  0  0  1
"54"  45.3074264765712  6.12539506196511  45.3074264765712  0.285664050182333  0  1  0  0  0
"55"  45.8124769816217  1.47842494386062  45.8124769816217  1.4759440923743  0  1  0  0  1
"56"  3.89328506242982  0.064790468382993  3.89328506242982  0.448595676989638  0  0  0  1  0
"57"  5.91348708263185  1.79149088064052  5.91348708263185  2.0336136835239  0  0  0  1  0
"58"  6.41853758768235  0.87865949111189  6.41853758768235  0.491045290521711  1  0  0  0  0
"59"  10.4589416280864  0.438015392747837  10.4589416280864  0.680765171534511  1  0  0  0  0
"60"  18.034699203844  5.36090498166824  18.034699203844  4.93543518060552  0  1  0  0  0
"61"  18.5397497088945  5.14797100547599  18.5397497088945  5.25758326502414  0  0  1  0  0
"62"  21.065002234147  0.532092000527714  21.065002234147  0.652637265559693  0  0  1  0  0
"63"  21.5700527391975  0.500883117414991  21.5700527391975  0.733685814406703  0  0  0  1  0
"64"  25.6104567796015  5.46101197379612  25.6104567796015  5.01519316074409  0  0  0  1  0
"65"  32.1761133452581  0.25503483662383  32.1761133452581  0.360142897963536  0  0  1  0  0
"66"  36.2165173856622  0.231800758958318  36.2165173856622  0.553848594639905  0  1  0  0  0
"67"  38.2367194058642  5.36539328262618  38.2367194058642  5.83334374638683  1  0  0  0  0
"68"  39.2468204159652  1.17340238334381  39.2468204159652  1.5738758448302  0  0  1  0  0
"69"  45.8124769816217  1.47842494386062  45.8124769816217  1.35859626216628  1  0  0  0  1
"70"  5.40843657758134  6.22193565878971  5.40843657758134  6.16641155591188  0  0  1  0  0
"71"  10.9639921331369  5.37848938785589  10.9639921331369  5.02859363302684  0  0  0  1  0
"72"  26.6205577897026  6.05315345967177  26.6205577897026  0.102657682009847  1  0  0  0  0
"73"  27.1256082947531  0.865704902642804  27.1256082947531  1.3480974440085  0  0  1  0  0
"74"  35.7114668806116  6.14714389448967  35.7114668806116  0.289872457179051  0  0  1  0  0
"75"  36.2165173856622  0.231800758958318  36.2165173856622  0.421922122341105  0  1  0  0  0
"76"  36.7215678907127  5.68421187999485  36.7215678907127  5.73934184832325  0  0  1  0  1
"77"  4.90338607253083  5.45894364537997  4.90338607253083  5.06593961865036  0  0  1  0  0
"78"  7.42863859778336  5.74349793428676  7.42863859778336  5.59422658067317  0  1  0  0  0
"79"  9.95389112303589  0.370129135105639  9.95389112303589  0.182188832102224  1  0  0  0  0
"80"  11.4690426381874  1.20695980808507  11.4690426381874  1.39106796479593  0  0  1  0  0
"81"  20.5599517290965  0.312878690152317  20.5599517290965  0.707850329303071  0  0  0  1  0
"82"  23.5902547593995  1.17524254007639  23.5902547593995  1.6709470056221  0  0  0  1  0
"83"  26.115507284652  4.96736387857967  26.115507284652  5.35512059527249  0  1  0  0  0
"84"  31.6710628402076  5.84395284648216  31.6710628402076  5.7615361735241  0  0  0  1  0
"85"  36.2165173856622  0.231800758958318  36.2165173856622  0.672624231528946  0  1  0  0  0
"86"  39.2468204159652  1.17340238334381  39.2468204159652  1.00741625286408  0  1  0  0  0
"87"  42.2771234462682  0.644982217757684  42.2771234462682  0.609659960905743  0  1  0  0  0
"88"  47.8326790018238  0.769383408119694  47.8326790018238  0.964154439037457  0  1  0  0  0
"89"  49.8528810220258  5.53145812032183  49.8528810220258  5.6103205771595  0  0  0  1  1
"90"  0.862982032126794  0.318393023774945  0.862982032126794  0.59285876885707  0  0  1  0  0
"91"  5.40843657758134  6.22193565878971  5.40843657758134  5.87038841199084  0  1  0  0  0
"92"  12.9841941533389  5.66544624247412  12.9841941533389  5.23905134472819  0  0  1  0  0
"93"  13.4892446583894  0.402653069669581  13.4892446583894  0.154290099596805  0  0  1  0  0
"94"  18.034699203844  5.36090498166824  18.034699203844  5.13612847198466  0  0  1  0  0
"95"  21.5700527391975  0.500883117414991  21.5700527391975  0.704858054503778  0  0  0  1  0
"96"  22.5801537492985  5.18242388711988  22.5801537492985  4.68467959463342  0  0  1  0  0
"97"  27.1256082947531  0.865704902642804  27.1256082947531  0.461571523416253  0  1  0  0  0
"98"  27.6306587998036  5.80215579711222  27.6306587998036  5.69338028526255  0  1  0  0  0
"99"  30.1559113250561  0.20356485866557  30.1559113250561  0.0384231192487023  1  0  0  0  0
"100"  44.2973254664702  5.90543044698975  44.2973254664702  6.20403030459388  1  0  0  0  0
"101"  46.8225779917228  4.65852117158187  46.8225779917228  4.44555515322549  0  1  0  0  0
"102"  47.3276284967733  5.11755931708451  47.3276284967733  5.15354643115263  0  1  0  0  1
"103"  4.39833556748033  0.553607119553209  4.39833556748033  0.498861316198901  0  0  1  0  0
"104"  15.5094466785914  0.639292866517274  15.5094466785914  0.139768790979354  0  1  0  0  0
"105"  22.075103244248  5.26901374690444  22.075103244248  5.29980484888167  0  0  1  0  0
"106"  39.2468204159652  1.17340238334381  39.2468204159652  1.39206891285956  0  0  0  1  0
"107"  45.8124769816217  1.47842494386062  45.8124769816217  1.45349383667857  0  0  0  1  0
"108"  47.8326790018238  0.769383408119694  47.8326790018238  0.64323264103362  0  1  0  0  1
"109"  2.37813354727831  0.85607998729223  2.37813354727831  1.35284551865892  0  1  0  0  0
"110"  4.90338607253083  5.45894364537997  4.90338607253083  5.3777877503573  1  0  0  0  0
"111"  5.91348708263185  1.79149088064052  5.91348708263185  2.22848480786971  0  1  0  0  0
"112"  6.92358809273285  5.35400672768249  6.92358809273285  5.31167233338586  0  0  1  0  0
"113"  12.4791436482884  0.714351654598175  12.4791436482884  1.13305806492983  0  0  0  1  0
"114"  17.5296486987935  0.592268614113743  17.5296486987935  0.584431543728749  0  0  0  1  0
"115"  18.034699203844  5.36090498166824  18.034699203844  5.27272732537905  0  1  0  0  0
"116"  23.085204254349  1.64457884999733  23.085204254349  1.15243427372347  0  0  1  0  0
"117"  34.1963153654601  0.0372454898455731  34.1963153654601  6.03649723177177  0  1  0  0  0
"118"  38.7417699109147  6.14745268086364  38.7417699109147  0.27477037766316  0  1  0  0  0
"119"  40.2569214260662  5.99187401450466  40.2569214260662  6.10217168136727  0  0  1  0  0
"120"  46.3175274866723  5.90746964127485  46.3175274866723  5.48879334805262  0  0  1  0  0
"121"  47.8326790018238  0.769383408119694  47.8326790018238  0.77329827681163  1  0  0  0  1
"122"  9.95389112303589  0.370129135105639  9.95389112303589  0.472058808099359  1  0  0  0  0
"123"  25.105406274551  6.25882269931788  25.105406274551  0.141603600231159  0  1  0  0  0
"124"  27.1256082947531  0.865704902642804  27.1256082947531  0.385094501506003  1  0  0  0  0
"125"  30.6609618301066  5.55065480588864  30.6609618301066  5.36646152047369  0  0  1  0  0
"126"  32.6811638503086  0.355967858540514  32.6811638503086  0.686120652560764  0  0  1  0  0
"127"  37.7316689008137  0.0412993610626532  37.7316689008137  5.95111951817615  0  0  0  1  0
"128"  40.7619719311167  4.38377384862807  40.7619719311167  4.65859355286639  0  0  1  0  0
"129"  42.2771234462682  0.644982217757684  42.2771234462682  0.178892348839623  1  0  0  0  0
"130"  45.3074264765712  6.12539506196511  45.3074264765712  0.140398300061007  0  1  0  0  1
"131"  3.89328506242982  0.064790468382993  3.89328506242982  6.01454733774101  0  1  0  0  1
"132"  23.5902547593995  1.17524254007639  23.5902547593995  1.60848276119122  1  0  0  0  0
"133"  25.6104567796015  5.46101197379612  25.6104567796015  5.87237788935162  0  1  0  0  0
"134"  26.115507284652  4.96736387857967  26.115507284652  5.29905600865171  0  1  0  0  0
"135"  28.1357093048541  1.00550374715564  28.1357093048541  0.975731820575642  0  1  0  0  0
"136"  32.6811638503086  0.355967858540514  32.6811638503086  0.514559101280445  0  0  0  1  0
"137"  34.1963153654601  0.0372454898455731  34.1963153654601  0.497228968145846  0  1  0  0  0
"138"  41.7720729412177  6.13459080702228  41.7720729412177  0.323834058004181  1  0  0  0  1
"139"  0.357931527076289  5.29206320254711  0.357931527076289  5.04673279409876  0  1  0  0  0
"140"  0.862982032126794  0.318393023774945  0.862982032126794  0.682465150111341  0  0  1  0  0
"141"  3.38823455737932  5.13272851159403  3.38823455737932  5.12739677763151  1  0  0  0  0
"142"  3.89328506242982  0.064790468382993  3.89328506242982  0.0576568110374447  0  1  0  0  0
"143"  4.39833556748033  0.553607119553209  4.39833556748033  0.785562007295386  0  1  0  0  0
"144"  10.4589416280864  0.438015392747837  10.4589416280864  0.765628037274945  0  0  0  1  0
"145"  11.4690426381874  1.20695980808507  11.4690426381874  1.50677925215843  0  0  1  0  0
"146"  12.9841941533389  5.66544624247412  12.9841941533389  5.71428010209287  0  1  0  0  0
"147"  16.5195476886925  4.70042118543384  16.5195476886925  4.7959156278204  0  0  1  0  0
"148"  27.6306587998036  5.80215579711222  27.6306587998036  5.60522340957396  0  0  0  1  0
"149"  31.1660123351571  1.01964950065085  31.1660123351571  0.631348668522695  0  0  1  0  0
"150"  37.2266183957632  4.47877718885028  37.2266183957632  4.35658035617852  0  0  1  0  0
"151"  39.7518709210157  6.08129946142816  39.7518709210157  5.80338446353943  1  0  0  0  0
"152"  42.7821739513187  0.995691059368073  42.7821739513187  1.06630460147408  0  1  0  0  0
"153"  46.8225779917228  4.65852117158187  46.8225779917228  4.58670970347425  0  1  0  0  1
"154"  0.862982032126794  0.318393023774945  0.862982032126794  6.15770787220261  0  1  0  0  0
"155"  7.93368910283387  0.476167002577675  7.93368910283387  0.475270057680425  0  0  0  1  0
"156"  16.5195476886925  4.70042118543384  16.5195476886925  4.92610064401848  0  0  0  1  0
"157"  18.5397497088945  5.14797100547599  18.5397497088945  4.76043020730736  0  0  1  0  0
"158"  19.044800213945  5.85382848976897  19.044800213945  5.84781724329824  0  0  0  1  0
"159"  26.6205577897026  6.05315345967177  26.6205577897026  5.91284962952125  0  0  0  1  0
"160"  33.6912648604096  5.13156735001982  33.6912648604096  4.68970525394112  1  0  0  0  0
"161"  34.1963153654601  0.0372454898455731  34.1963153654601  6.18117619139475  0  1  0  0  0
"162"  36.2165173856622  0.231800758958318  36.2165173856622  0.00327948758237878  0  0  1  0  0
"163"  37.2266183957632  4.47877718885028  37.2266183957632  4.87757251881593  0  0  0  1  0
"164"  41.2670224361672  5.21627957339595  41.2670224361672  5.08702535916317  1  0  0  0  0
"165"  46.8225779917228  4.65852117158187  46.8225779917228  4.35419556560641  1  0  0  0  0
"166"  47.3276284967733  5.11755931708451  47.3276284967733  5.24266210389744  1  0  0  0  1
"167"  5.40843657758134  6.22193565878971  5.40843657758134  0.00943193917022445  1  0  0  0  0
"168"  14.4993456684904  5.45220257550964  14.4993456684904  5.45226532662774  1  0  0  0  0
"169"  16.5195476886925  4.70042118543384  16.5195476886925  5.01384819016417  1  0  0  0  0
"170"  28.1357093048541  1.00550374715564  28.1357093048541  1.06228107750391  0  1  0  0  0
"171"  37.7316689008137  0.0412993610626532  37.7316689008137  0.0441740011120661  0  0  0  1  0
"172"  40.7619719311167  4.38377384862807  40.7619719311167  3.97961235067751  0  0  0  1  0
"173"  46.3175274866723  5.90746964127485  46.3175274866723  6.16572489831325  0  0  0  1  0
"174"  47.3276284967733  5.11755931708451  47.3276284967733  5.18320547328751  0  0  0  1  0
"175"  49.3478305169753  5.41142442383206  49.3478305169753  5.66907874591051  0  0  0  1  1
"176"  0.862982032126794  0.318393023774945  0.862982032126794  0.651759117000722  0  0  1  0  0
"177"  10.9639921331369  5.37848938785589  10.9639921331369  5.39401879318154  1  0  0  0  0
"178"  16.5195476886925  4.70042118543384  16.5195476886925  4.37267380646987  1  0  0  0  0
"179"  20.5599517290965  0.312878690152317  20.5599517290965  0.0696108750578758  1  0  0  0  0
"180"  24.6003557695005  0.875966076415632  24.6003557695005  0.690693341337744  0  0  1  0  0
"181"  38.7417699109147  6.14745268086364  38.7417699109147  5.92519645416571  0  1  0  0  0
"182"  39.2468204159652  1.17340238334381  39.2468204159652  1.06505707733103  0  1  0  0  0
"183"  47.8326790018238  0.769383408119694  47.8326790018238  0.467527703139723  0  1  0  0  1
"184"  6.92358809273285  5.35400672768249  6.92358809273285  5.51175242824486  1  0  0  0  1
"185"  33.6912648604096  5.13156735001982  33.6912648604096  4.64515329933644  0  0  0  1  0
"186"  35.7114668806116  6.14714389448967  35.7114668806116  5.89252597783674  0  0  0  1  0
"187"  43.2872244563692  0.274651309262125  43.2872244563692  0.170183204366921  1  0  0  0  0
"188"  50.3579315270763  5.63386415026046  50.3579315270763  5.13801573670365  1  0  0  0  1
"189"  5.91348708263185  1.79149088064052  5.91348708263185  1.98840099746204  0  1  0  0  0
"190"  9.44884061798538  0.495878918340055  9.44884061798538  0.553008646715058  1  0  0  0  0
"191"  17.5296486987935  0.592268614113743  17.5296486987935  0.661845743205811  0  0  1  0  0
"192"  22.075103244248  5.26901374690444  22.075103244248  5.74390538854734  0  0  1  0  0
"193"  23.5902547593995  1.17524254007639  23.5902547593995  1.30416444840283  0  0  1  0  0
"194"  24.6003557695005  0.875966076415632  24.6003557695005  0.69726258996189  0  0  1  0  0
"195"  25.6104567796015  5.46101197379612  25.6104567796015  5.60356498312176  0  0  1  0  0
"196"  27.6306587998036  5.80215579711222  27.6306587998036  6.09435558526166  1  0  0  0  0
"197"  35.7114668806116  6.14714389448967  35.7114668806116  5.80398527896945  1  0  0  0  0
"198"  37.2266183957632  4.47877718885028  37.2266183957632  4.13249002634146  0  0  0  1  0
"199"  42.7821739513187  0.995691059368073  42.7821739513187  0.638655318158089  0  1  0  0  0
"200"  45.8124769816217  1.47842494386062  45.8124769816217  1.08527124847099  1  0  0  0  1
"201"  4.90338607253083  5.45894364537997  4.90338607253083  5.16412049592799  1  0  0  0  0
"202"  5.40843657758134  6.22193565878971  5.40843657758134  5.76560097427992  1  0  0  0  0
"203"  9.95389112303589  0.370129135105639  9.95389112303589  0.69189098979707  0  0  1  0  0
"204"  20.054901224046  5.18180041166108  20.054901224046  5.39587191736411  1  0  0  0  0
"205"  22.075103244248  5.26901374690444  22.075103244248  5.08126147373788  0  1  0  0  0
"206"  24.6003557695005  0.875966076415632  24.6003557695005  0.648463865185756  0  1  0  0  0
"207"  25.105406274551  6.25882269931788  25.105406274551  5.95366723510267  0  1  0  0  0
"208"  28.6407598099046  4.36514459621217  28.6407598099046  4.79233873939197  0  0  1  0  0
"209"  30.1559113250561  0.20356485866557  30.1559113250561  6.19082520264842  0  0  0  1  0
"210"  36.7215678907127  5.68421187999485  36.7215678907127  5.53676142429759  0  0  1  0  0
"211"  39.7518709210157  6.08129946142816  39.7518709210157  5.80605560169005  0  0  1  0  0
"212"  44.2973254664702  5.90543044698975  44.2973254664702  5.78354084552816  0  1  0  0  0
"213"  49.3478305169753  5.41142442383206  49.3478305169753  5.2336052644845  0  1  0  0  1
"214"  2.88318405232881  1.97687447402028  2.88318405232881  1.76228014850391  0  0  1  0  0
"215"  4.39833556748033  0.553607119553209  4.39833556748033  0.270213463882403  0  1  0  0  0
"216"  5.40843657758134  6.22193565878971  5.40843657758134  5.9184819919332  0  0  1  0  0
"217"  8.94379011293488  4.96053622254963  8.94379011293488  5.26149960711459  0  1  0  0  0
"218"  15.5094466785914  0.639292866517274  15.5094466785914  0.720900169168084  0  0  1  0  0
"219"  31.1660123351571  1.01964950065085  31.1660123351571  0.752488875919515  0  0  1  0  0
"220"  36.2165173856622  0.231800758958318  36.2165173856622  0.556287137305819  0  0  1  0  0
"221"  41.7720729412177  6.13459080702228  41.7720729412177  0.243979522133927  0  0  0  1  0
"222"  48.8427800119248  5.49361685843927  48.8427800119248  5.52465027332095  1  0  0  0  0
"223"  49.8528810220258  5.53145812032183  49.8528810220258  5.75357494921794  0  1  0  0  1
"224"  15.0043961735409  3.15872440184186  15.0043961735409  3.64868929842207  0  1  0  0  0
"225"  26.6205577897026  6.05315345967177  26.6205577897026  5.74579252022307  0  0  0  1  0
"226"  27.6306587998036  5.80215579711222  27.6306587998036  5.49605405398034  1  0  0  0  0
"227"  38.7417699109147  6.14745268086364  38.7417699109147  6.27726872335581  0  0  1  0  0
"228"  40.7619719311167  4.38377384862807  40.7619719311167  4.69707788664792  0  0  1  0  0
"229"  45.3074264765712  6.12539506196511  45.3074264765712  6.18298004642596  0  0  1  0  0
"230"  48.8427800119248  5.49361685843927  48.8427800119248  5.85027955839199  1  0  0  0  1
"231"  0.357931527076289  5.29206320254711  0.357931527076289  5.59017943621261  0  0  0  1  0
"232"  2.88318405232881  1.97687447402028  2.88318405232881  1.96993792225009  1  0  0  0  0
"233"  6.41853758768235  0.87865949111189  6.41853758768235  1.32054750170688  0  0  1  0  0
"234"  17.5296486987935  0.592268614113743  17.5296486987935  0.581256374266411  0  0  1  0  0
"235"  22.075103244248  5.26901374690444  22.075103244248  5.14831170349591  0  0  0  1  1
"236"  42.7821739513187  0.995691059368073  42.7821739513187  1.29480590552685  0  0  1  0  0
"237"  43.2872244563692  0.274651309262125  43.2872244563692  6.08651269998598  0  1  0  0  0
"238"  44.8023759715207  5.89996826235876  44.8023759715207  5.81621523440556  1  0  0  0  1
"239"  2.37813354727831  0.85607998729223  2.37813354727831  1.2224259935739  0  0  1  0  0
"240"  3.38823455737932  5.13272851159403  3.38823455737932  5.28980603477524  1  0  0  0  0
"241"  4.90338607253083  5.45894364537997  4.90338607253083  4.98655889407127  0  1  0  0  0
"242"  22.075103244248  5.26901374690444  22.075103244248  5.25166807536245  1  0  0  0  0
"243"  24.09530526445  0.957661324452108  24.09530526445  0.831956685326493  0  0  0  1  0
"244"  34.7013658705106  5.98941336844656  34.7013658705106  0.188632768033806  0  0  1  0  0
"245"  36.7215678907127  5.68421187999485  36.7215678907127  5.22067267985841  1  0  0  0  0
"246"  46.3175274866723  5.90746964127485  46.3175274866723  5.49234558138725  1  0  0  0  0
"247"  47.3276284967733  5.11755931708451  47.3276284967733  5.0724074875978  0  1  0  0  0
"248"  49.3478305169753  5.41142442383206  49.3478305169753  5.17417258655986  0  0  0  1  1
"249"  1.3680325371773  6.28278287778247  1.3680325371773  5.85722430025797  0  1  0  0  0
"250"  1.8730830422278  0.163966349372375  1.8730830422278  0.0435438259036417  1  0  0  0  0
"251"  5.91348708263185  1.79149088064052  5.91348708263185  1.91435098192497  1  0  0  0  0
"252"  6.41853758768235  0.87865949111189  6.41853758768235  0.863997111945778  0  0  0  1  0
"253"  20.054901224046  5.18180041166108  20.054901224046  4.82284759834494  0  0  1  0  0
"254"  26.115507284652  4.96736387857967  26.115507284652  4.47070277827592  0  0  0  1  0
"255"  31.6710628402076  5.84395284648216  31.6710628402076  5.96880528005003  0  1  0  0  0
"256"  38.2367194058642  5.36539328262618  38.2367194058642  5.00933163311741  0  1  0  0  0
"257"  41.7720729412177  6.13459080702228  41.7720729412177  0.350129492687742  1  0  0  0  0
"258"  43.7922749614197  0.680565318905799  43.7922749614197  0.988699382052808  0  0  0  1  0
"259"  47.3276284967733  5.11755931708451  47.3276284967733  5.14373562676322  0  0  0  1  1
"260"  9.44884061798538  0.495878918340055  9.44884061798538  0.680077786335347  0  0  0  1  0
"261"  18.034699203844  5.36090498166824  18.034699203844  5.48479380766595  1  0  0  0  0
"262"  19.5498507189955  1.77247268326542  19.5498507189955  1.32549878924115  1  0  0  0  0
"263"  20.054901224046  5.18180041166108  20.054901224046  5.53731561416846  1  0  0  0  0
"264"  21.065002234147  0.532092000527714  21.065002234147  0.237391869241779  1  0  0  0  0
"265"  24.6003557695005  0.875966076415632  24.6003557695005  1.23837805344038  0  0  0  1  0
"266"  25.105406274551  6.25882269931788  25.105406274551  0.111761101286087  0  0  0  1  0
"267"  33.6912648604096  5.13156735001982  33.6912648604096  5.44784432872117  1  0  0  0  0
"268"  34.1963153654601  0.0372454898455731  34.1963153654601  5.83130174499337  0  1  0  0  0
"269"  38.2367194058642  5.36539328262618  38.2367194058642  5.51695381641796  0  1  0  0  0
"270"  39.2468204159652  1.17340238334381  39.2468204159652  1.41600254772  0  0  0  1  0
"271"  40.7619719311167  4.38377384862807  40.7619719311167  4.66785650232751  0  0  0  1  0
"272"  41.7720729412177  6.13459080702228  41.7720729412177  5.70312255795648  1  0  0  0  0
"273"  43.7922749614197  0.680565318905799  43.7922749614197  0.486163801628216  0  0  0  1  0
"274"  44.2973254664702  5.90543044698975  44.2973254664702  0.116509814648794  0  0  1  0  0
"275"  48.3377295068743  2.74493081214414  48.3377295068743  2.94733982042917  0  0  0  1  1
"276"  2.88318405232881  1.97687447402028  2.88318405232881  2.2226606614921  0  0  0  1  0
"277"  7.42863859778336  5.74349793428676  7.42863859778336  5.35873502525622  1  0  0  0  0
"278"  10.9639921331369  5.37848938785589  10.9639921331369  5.28049982961363  0  1  0  0  0
"279"  14.4993456684904  5.45220257550964  14.4993456684904  5.4159561505031  0  0  0  1  0
"280"  19.044800213945  5.85382848976897  19.044800213945  5.46769018027717  1  0  0  0  0
"281"  22.075103244248  5.26901374690444  22.075103244248  5.45394861049228  1  0  0  0  0
"282"  23.085204254349  1.64457884999733  23.085204254349  1.52028563000071  0  0  1  0  0
"283"  25.6104567796015  5.46101197379612  25.6104567796015  5.43438064994261  0  0  1  0  0
"284"  40.7619719311167  4.38377384862807  40.7619719311167  4.25290469194707  1  0  0  0  0
"285"  44.8023759715207  5.89996826235876  44.8023759715207  6.27510453417637  0  0  1  0  0
"286"  47.8326790018238  0.769383408119694  47.8326790018238  0.274677086612001  0  1  0  0  1
"287"  3.38823455737932  5.13272851159403  3.38823455737932  4.97145330802144  0  1  0  0  0
"288"  4.90338607253083  5.45894364537997  4.90338607253083  5.08849681997998  0  1  0  0  0
"289"  5.40843657758134  6.22193565878971  5.40843657758134  6.01371565328865  0  1  0  0  0
"290"  9.44884061798538  0.495878918340055  9.44884061798538  0.49296940258853  0  0  1  0  0
"291"  12.9841941533389  5.66544624247412  12.9841941533389  5.93342022403898  0  0  0  1  0
"292"  16.0144971836419  0.945634914243308  16.0144971836419  1.04173083105841  0  0  1  0  0
"293"  18.034699203844  5.36090498166824  18.034699203844  5.19237721670153  0  0  1  0  0
"294"  26.6205577897026  6.05315345967177  26.6205577897026  5.75786479375313  1  0  0  0  0
"295"  38.7417699109147  6.14745268086364  38.7417699109147  5.91622301098352  0  0  0  1  0
"296"  40.2569214260662  5.99187401450466  40.2569214260662  0.00385342887736062  0  0  1  0  0
"297"  47.3276284967733  5.11755931708451  47.3276284967733  4.77382102590475  0  0  1  0  1
"298"  3.89328506242982  0.064790468382993  3.89328506242982  0.115577007596725  0  0  1  0  0
"299"  4.90338607253083  5.45894364537997  4.90338607253083  5.44794681007369  0  1  0  0  0
"300"  6.92358809273285  5.35400672768249  6.92358809273285  5.39711153226911  0  0  0  1  0
"301"  11.4690426381874  1.20695980808507  11.4690426381874  1.29741648778129  0  0  1  0  0
"302"  17.5296486987935  0.592268614113743  17.5296486987935  0.852951806053932  0  0  0  1  0
"303"  20.054901224046  5.18180041166108  20.054901224046  5.56667311570693  0  0  0  1  0
"304"  23.085204254349  1.64457884999733  23.085204254349  1.85288688620362  1  0  0  0  0
"305"  32.6811638503086  0.355967858540514  32.6811638503086  0.369984602289894  0  0  0  1  0
"306"  45.8124769816217  1.47842494386062  45.8124769816217  1.70650989666395  0  1  0  0  1
"307"  11.9740931432379  0.327686646911802  11.9740931432379  0.207844516919481  0  1  0  0  0
"308"  13.4892446583894  0.402653069669581  13.4892446583894  0.624601266315407  0  1  0  0  0
"309"  13.9942951634399  0.887343348394223  13.9942951634399  0.819504537078627  0  1  0  0  0
"310"  14.4993456684904  5.45220257550964  14.4993456684904  5.77767645823324  0  1  0  0  0
"311"  15.0043961735409  3.15872440184186  15.0043961735409  2.96129104681033  0  0  0  1  0
"312"  19.5498507189955  1.77247268326542  19.5498507189955  2.21758503505921  1  0  0  0  0
"313"  20.5599517290965  0.312878690152317  20.5599517290965  0.696000331970751  0  1  0  0  0
"314"  24.6003557695005  0.875966076415632  24.6003557695005  1.24310030918815  0  0  1  0  0
"315"  26.6205577897026  6.05315345967177  26.6205577897026  6.1577100884075  0  1  0  0  0
"316"  28.1357093048541  1.00550374715564  28.1357093048541  1.47094313964223  0  1  0  0  0
"317"  30.1559113250561  0.20356485866557  30.1559113250561  0.648193392107143  0  0  1  0  0
"318"  33.6912648604096  5.13156735001982  33.6912648604096  5.28090765875683  0  0  0  1  0
"319"  34.7013658705106  5.98941336844656  34.7013658705106  6.12785107123274  0  0  1  0  0
"320"  35.2064163755611  5.65923794160774  35.2064163755611  5.74274411296649  0  0  1  0  0
"321"  36.2165173856622  0.231800758958318  36.2165173856622  0.200238435509139  0  0  0  1  0
"322"  39.7518709210157  6.08129946142816  39.7518709210157  0.0739162811013676  0  0  0  1  1
"323"  21.065002234147  0.532092000527714  21.065002234147  0.405277494278212  0  0  1  0  0
"324"  22.5801537492985  5.18242388711988  22.5801537492985  4.86132849384776  0  0  0  1  0
"325"  25.6104567796015  5.46101197379612  25.6104567796015  5.78529696062178  1  0  0  0  0
"326"  30.1559113250561  0.20356485866557  30.1559113250561  0.19173075225751  0  0  0  1  0
"327"  32.1761133452581  0.25503483662383  32.1761133452581  0.124703683108104  0  0  0  1  0
"328"  47.8326790018238  0.769383408119694  47.8326790018238  0.740542222270534  0  0  0  1  1
"329"  12.4791436482884  0.714351654598175  12.4791436482884  0.379704244281782  0  0  1  0  0
"330"  13.4892446583894  0.402653069669581  13.4892446583894  0.862312434908203  1  0  0  0  0
"331"  19.044800213945  5.85382848976897  19.044800213945  0.0164155838793993  0  1  0  0  0
"332"  20.5599517290965  0.312878690152317  20.5599517290965  6.14708926548798  0  0  1  0  0
"333"  22.5801537492985  5.18242388711988  22.5801537492985  5.28674915926276  0  0  0  1  0
"334"  27.6306587998036  5.80215579711222  27.6306587998036  6.1025933960671  0  1  0  0  0
"335"  28.6407598099046  4.36514459621217  28.6407598099046  4.67454264826197  0  1  0  0  0
"336"  33.1862143553591  4.32294259967022  33.1862143553591  4.3302056968838  0  1  0  0  0
"337"  38.2367194058642  5.36539328262618  38.2367194058642  5.61649178016408  1  0  0  0  0
"338"  39.7518709210157  6.08129946142816  39.7518709210157  6.0796710299366  1  0  0  0  0
"339"  41.2670224361672  5.21627957339595  41.2670224361672  5.50610441144753  0  0  0  1  0
"340"  43.2872244563692  0.274651309262125  43.2872244563692  0.529052786548718  0  0  1  0  0
"341"  48.8427800119248  5.49361685843927  48.8427800119248  5.59026045160157  0  0  0  1  1
"342"  3.38823455737932  5.13272851159403  3.38823455737932  4.94726057037318  0  0  1  0  0
"343"  5.40843657758134  6.22193565878971  5.40843657758134  0.296014455443708  0  1  0  0  0
"344"  13.4892446583894  0.402653069669581  13.4892446583894  0.536018895885176  1  0  0  0  0
"345"  17.5296486987935  0.592268614113743  17.5296486987935  0.53766303813685  1  0  0  0  0
"346"  19.044800213945  5.85382848976897  19.044800213945  5.7406772631106  0  1  0  0  0
"347"  20.054901224046  5.18180041166108  20.054901224046  5.47887701948259  0  0  1  0  0
"348"  21.065002234147  0.532092000527714  21.065002234147  0.692545165244897  1  0  0  0  0
"349"  21.5700527391975  0.500883117414991  21.5700527391975  0.0765062005761808  0  1  0  0  0
"350"  30.6609618301066  5.55065480588864  30.6609618301066  5.8952599656016  0  0  0  1  0
"351"  34.7013658705106  5.98941336844656  34.7013658705106  6.14995862769503  0  1  0  0  0
"352"  38.2367194058642  5.36539328262618  38.2367194058642  5.50789587364009  1  0  0  0  0
"353"  42.2771234462682  0.644982217757684  42.2771234462682  0.228113754366246  1  0  0  0  1
"354"  3.89328506242982  0.064790468382993  3.89328506242982  6.0364118993379  0  1  0  0  0
"355"  9.95389112303589  0.370129135105639  9.95389112303589  0.0373284510745404  0  1  0  0  0
"356"  10.4589416280864  0.438015392747837  10.4589416280864  0.666922965784687  1  0  0  0  0
"357"  16.0144971836419  0.945634914243308  16.0144971836419  0.558763370996056  0  1  0  0  0
"358"  17.5296486987935  0.592268614113743  17.5296486987935  0.444681292880739  0  0  0  1  0
"359"  23.5902547593995  1.17524254007639  23.5902547593995  1.2043777926583  0  1  0  0  0
"360"  27.1256082947531  0.865704902642804  27.1256082947531  0.982310323472532  0  1  0  0  0
"361"  29.6508608200056  5.66681256765727  29.6508608200056  5.86920072409551  0  1  0  0  0
"362"  33.6912648604096  5.13156735001982  33.6912648604096  5.13417102130048  0  1  0  0  0
"363"  42.7821739513187  0.995691059368073  42.7821739513187  0.828017227562486  1  0  0  0  0
"364"  44.2973254664702  5.90543044698975  44.2973254664702  0.109288653028102  0  1  0  0  1
"365"  2.88318405232881  1.97687447402028  2.88318405232881  2.29130605939178  0  0  1  0  0
"366"  18.034699203844  5.36090498166824  18.034699203844  5.43990668776179  0  1  0  0  0
"367"  18.5397497088945  5.14797100547599  18.5397497088945  5.32587883115644  0  0  0  1  0
"368"  21.065002234147  0.532092000527714  21.065002234147  0.574773049617593  1  0  0  0  0
"369"  27.1256082947531  0.865704902642804  27.1256082947531  0.889457658361109  0  0  0  1  0
"370"  31.6710628402076  5.84395284648216  31.6710628402076  5.52058776840731  0  0  1  0  0
"371"  41.2670224361672  5.21627957339595  41.2670224361672  5.11139506090629  0  0  1  0  0
"372"  47.3276284967733  5.11755931708451  47.3276284967733  5.45979243591849  0  1  0  0  1
"373"  2.37813354727831  0.85607998729223  2.37813354727831  1.08461780803749  1  0  0  0  0
"374"  3.38823455737932  5.13272851159403  3.38823455737932  4.88834896090978  1  0  0  0  0
"375"  3.89328506242982  0.064790468382993  3.89328506242982  6.21618235526642  1  0  0  0  0
"376"  4.39833556748033  0.553607119553209  4.39833556748033  0.161041001396672  1  0  0  0  0
"377"  15.5094466785914  0.639292866517274  15.5094466785914  1.10258952278127  0  0  0  1  0
"378"  17.024598193743  1.05128047826312  17.024598193743  0.971878731405208  1  0  0  0  0
"379"  18.5397497088945  5.14797100547599  18.5397497088945  5.26273636526326  0  1  0  0  0
"380"  36.2165173856622  0.231800758958318  36.2165173856622  0.470998571001448  1  0  0  0  0
"381"  40.2569214260662  5.99187401450466  40.2569214260662  6.26941878605861  0  1  0  0  0
"382"  47.8326790018238  0.769383408119694  47.8326790018238  0.936342132966757  1  0  0  0  0
"383"  49.3478305169753  5.41142442383206  49.3478305169753  5.50638773016034  1  0  0  0  0
"384"  49.8528810220258  5.53145812032183  49.8528810220258  5.29623353178052  0  0  0  1  1
"385"  1.3680325371773  6.28278287778247  1.3680325371773  0.200845322781341  1  0  0  0  0
"386"  5.40843657758134  6.22193565878971  5.40843657758134  0.221177352423308  0  0  0  1  0
"387"  7.93368910283387  0.476167002577675  7.93368910283387  6.27304810577759  1  0  0  0  0
"388"  10.4589416280864  0.438015392747837  10.4589416280864  0.251287586520555  0  1  0  0  0
"389"  17.5296486987935  0.592268614113743  17.5296486987935  0.762595456341694  0  0  1  0  0
"390"  24.6003557695005  0.875966076415632  24.6003557695005  1.27777547962278  0  1  0  0  0
"391"  29.1458103149551  0.157861411610141  29.1458103149551  0.483085467518761  0  1  0  0  0
"392"  30.1559113250561  0.20356485866557  30.1559113250561  6.12151632263035  1  0  0  0  0
"393"  31.6710628402076  5.84395284648216  31.6710628402076  5.98467141832388  0  0  0  1  0
"394"  37.2266183957632  4.47877718885028  37.2266183957632  4.31177981993713  0  0  0  1  0
"395"  38.2367194058642  5.36539328262618  38.2367194058642  5.39002981829865  0  1  0  0  0
"396"  44.2973254664702  5.90543044698975  44.2973254664702  5.7981328483726  1  0  0  0  0
"397"  46.3175274866723  5.90746964127485  46.3175274866723  5.50180716588822  0  0  0  1  1
"398"  14.4993456684904  5.45220257550964  14.4993456684904  5.89313442422563  1  0  0  0  0
"399"  17.5296486987935  0.592268614113743  17.5296486987935  0.975507901996786  0  0  0  1  0
"400"  24.09530526445  0.957661324452108  24.09530526445  0.696440074631444  0  1  0  0  0
"401"  27.6306587998036  5.80215579711222  27.6306587998036  6.15492280220934  1  0  0  0  0
"402"  30.6609618301066  5.55065480588864  30.6609618301066  5.22381307945516  0  0  0  1  0
"403"  33.6912648604096  5.13156735001982  33.6912648604096  4.79667823588394  0  1  0  0  0
"404"  37.7316689008137  0.0412993610626532  37.7316689008137  0.29124495180086  0  0  1  0  0
"405"  40.2569214260662  5.99187401450466  40.2569214260662  5.56322741276812  0  0  0  1  1
"406"  4.39833556748033  0.553607119553209  4.39833556748033  0.0662860268060574  0  0  0  1  0
"407"  5.91348708263185  1.79149088064052  5.91348708263185  1.44652581830352  0  0  1  0  0
"408"  6.41853758768235  0.87865949111189  6.41853758768235  0.680671628249243  0  1  0  0  0
"409"  22.5801537492985  5.18242388711988  22.5801537492985  4.98372042439623  1  0  0  0  0
"410"  25.6104567796015  5.46101197379612  25.6104567796015  5.48839296505757  1  0  0  0  0
"411"  27.6306587998036  5.80215579711222  27.6306587998036  5.63849215137162  0  0  0  1  0
"412"  31.6710628402076  5.84395284648216  31.6710628402076  5.55340519361361  0  0  0  1  0
"413"  36.2165173856622  0.231800758958318  36.2165173856622  0.564375072464802  0  1  0  0  0
"414"  38.2367194058642  5.36539328262618  38.2367194058642  5.01196959010734  0  0  1  0  0
"415"  44.2973254664702  5.90543044698975  44.2973254664702  0.0127364784897281  0  1  0  0  0
"416"  46.8225779917228  4.65852117158187  46.8225779917228  4.37505404480448  0  1  0  0  0
"417"  47.8326790018238  0.769383408119694  47.8326790018238  0.87019769147949  0  1  0  0  1
"418"  8.43873960788437  6.27954669496687  8.43873960788437  5.88814283059621  0  0  0  1  0
"419"  13.4892446583894  0.402653069669581  13.4892446583894  0.0649482528364424  0  0  1  0  0
"420"  16.0144971836419  0.945634914243308  16.0144971836419  1.39813842057036  0  0  0  1  0
"421"  19.044800213945  5.85382848976897  19.044800213945  5.64565399707081  0  0  0  1  0
"422"  24.6003557695005  0.875966076415632  24.6003557695005  0.915609331943694  0  1  0  0  0
"423"  26.115507284652  4.96736387857967  26.115507284652  4.48954877509535  0  1  0  0  0
"424"  28.6407598099046  4.36514459621217  28.6407598099046  4.1600434251694  1  0  0  0  0
"425"  33.6912648604096  5.13156735001982  33.6912648604096  5.28964047775522  0  0  1  0  0
"426"  36.2165173856622  0.231800758958318  36.2165173856622  0.396287257995912  1  0  0  0  1
"427"  2.88318405232881  1.97687447402028  2.88318405232881  2.06804770771747  0  0  1  0  0
"428"  5.91348708263185  1.79149088064052  5.91348708263185  1.80430269903346  0  1  0  0  0
"429"  6.41853758768235  0.87865949111189  6.41853758768235  0.57668993124868  0  0  1  0  0
"430"  7.42863859778336  5.74349793428676  7.42863859778336  5.57373345326753  1  0  0  0  0
"431"  10.9639921331369  5.37848938785589  10.9639921331369  5.51320056820384  0  0  1  0  0
"432"  14.4993456684904  5.45220257550964  14.4993456684904  5.62155426595846  0  0  1  0  0
"433"  17.024598193743  1.05128047826312  17.024598193743  1.42827966484785  0  0  1  0  0
"434"  30.6609618301066  5.55065480588864  30.6609618301066  5.7830135092784  1  0  0  0  0
"435"  47.3276284967733  5.11755931708451  47.3276284967733  5.26443155697036  0  1  0  0  1
"436"  0.862982032126794  0.318393023774945  0.862982032126794  0.794132295620614  0  1  0  0  0
"437"  1.3680325371773  6.28278287778247  1.3680325371773  0.134776231343957  0  1  0  0  0
"438"  1.8730830422278  0.163966349372375  1.8730830422278  0.613542792433607  0  0  1  0  0
"439"  2.37813354727831  0.85607998729223  2.37813354727831  1.20374340964021  0  1  0  0  0
"440"  3.38823455737932  5.13272851159403  3.38823455737932  4.97985782952586  1  0  0  0  0
"441"  5.91348708263185  1.79149088064052  5.91348708263185  2.06228973517037  1  0  0  0  0
"442"  6.41853758768235  0.87865949111189  6.41853758768235  0.45057177581954  0  1  0  0  0
"443"  7.42863859778336  5.74349793428676  7.42863859778336  5.70179406260261  1  0  0  0  0
"444"  9.95389112303589  0.370129135105639  9.95389112303589  0.854620265442759  0  0  0  1  0
"445"  13.9942951634399  0.887343348394223  13.9942951634399  0.961335083860048  0  1  0  0  0
"446"  17.5296486987935  0.592268614113743  17.5296486987935  0.612582937363948  0  0  1  0  0
"447"  29.6508608200056  5.66681256765727  29.6508608200056  5.3208907487918  0  0  1  0  0
"448"  33.6912648604096  5.13156735001982  33.6912648604096  4.9500613539844  0  0  1  0  0
"449"  34.7013658705106  5.98941336844656  34.7013658705106  6.0058835951386  1  0  0  0  0
"450"  35.2064163755611  5.65923794160774  35.2064163755611  6.0441490764468  1  0  0  0  0
"451"  40.7619719311167  4.38377384862807  40.7619719311167  4.30062040754538  1  0  0  0  0
"452"  41.2670224361672  5.21627957339595  41.2670224361672  4.87978815090108  1  0  0  0  0
"453"  43.2872244563692  0.274651309262125  43.2872244563692  6.12510505577746  0  0  0  1  0
"454"  47.3276284967733  5.11755931708451  47.3276284967733  5.26679887674238  0  0  1  0  1
"455"  3.89328506242982  0.064790468382993  3.89328506242982  6.06057744958473  0  0  1  0  0
"456"  5.91348708263185  1.79149088064052  5.91348708263185  1.56376261437155  1  0  0  0  0
"457"  7.42863859778336  5.74349793428676  7.42863859778336  6.16256352779576  0  1  0  0  0
"458"  8.94379011293488  4.96053622254963  8.94379011293488  5.27396627247194  0  0  0  1  0
"459"  13.4892446583894  0.402653069669581  13.4892446583894  0.150080991411782  0  1  0  0  0
"460"  24.09530526445  0.957661324452108  24.09530526445  1.13476805648903  0  1  0  0  0
"461"  32.6811638503086  0.355967858540514  32.6811638503086  0.343636665693173  0  0  0  1  0
"462"  42.7821739513187  0.995691059368073  42.7821739513187  1.1143478504162  0  0  0  1  0
"463"  46.3175274866723  5.90746964127485  46.3175274866723  6.22098199659687  1  0  0  0  0
"464"  48.8427800119248  5.49361685843927  48.8427800119248  5.17737866769334  0  0  1  0  0
"465"  49.8528810220258  5.53145812032183  49.8528810220258  5.21781486737912  0  0  1  0  1
"466"  1.3680325371773  6.28278287778247  1.3680325371773  0.214933973015385  1  0  0  0  0
"467"  10.4589416280864  0.438015392747837  10.4589416280864  0.826537790940273  1  0  0  0  0
"468"  10.9639921331369  5.37848938785589  10.9639921331369  5.09055795001893  0  0  1  0  0
"469"  13.4892446583894  0.402653069669581  13.4892446583894  0.829583154028482  0  0  0  1  0
"470"  25.6104567796015  5.46101197379612  25.6104567796015  5.14085703099117  0  0  0  1  0
"471"  27.1256082947531  0.865704902642804  27.1256082947531  1.01783775255031  0  0  1  0  0
"472"  30.1559113250561  0.20356485866557  30.1559113250561  0.383837829945489  0  0  0  1  0
"473"  31.6710628402076  5.84395284648216  31.6710628402076  6.26211043796665  1  0  0  0  0
"474"  32.6811638503086  0.355967858540514  32.6811638503086  0.459987192847454  1  0  0  0  0
"475"  39.7518709210157  6.08129946142816  39.7518709210157  6.27908089035571  1  0  0  0  0
"476"  45.8124769816217  1.47842494386062  45.8124769816217  1.61117003170587  0  0  1  0  0
"477"  50.3579315270763  5.63386415026046  50.3579315270763  5.78313081210375  0  0  1  0  1
"478"  3.38823455737932  5.13272851159403  3.38823455737932  4.95252651640752  0  0  0  1  0
"479"  4.90338607253083  5.45894364537997  4.90338607253083  5.84429154070421  0  0  1  0  0
"480"  12.4791436482884  0.714351654598175  12.4791436482884  0.303956390903948  0  0  0  1  0
"481"  14.4993456684904  5.45220257550964  14.4993456684904  5.59451221534537  1  0  0  0  0
"482"  17.5296486987935  0.592268614113743  17.5296486987935  0.958750804901535  0  0  1  0  0
"483"  18.034699203844  5.36090498166824  18.034699203844  5.70499466644334  0  0  1  0  0
"484"  27.1256082947531  0.865704902642804  27.1256082947531  0.5374681222806  0  0  0  1  0
"485"  28.1357093048541  1.00550374715564  28.1357093048541  0.817815145253885  1  0  0  0  0
"486"  31.6710628402076  5.84395284648216  31.6710628402076  5.89265880850307  1  0  0  0  0
"487"  32.1761133452581  0.25503483662383  32.1761133452581  0.323283769106505  0  1  0  0  0
"488"  41.2670224361672  5.21627957339595  41.2670224361672  4.81344131602171  0  0  1  0  0
"489"  44.2973254664702  5.90543044698975  44.2973254664702  5.69200612106911  0  0  1  0  1
"490"  12.9841941533389  5.66544624247412  12.9841941533389  5.72059017738151  0  0  1  0  0
"491"  13.4892446583894  0.402653069669581  13.4892446583894  0.760518470049105  1  0  0  0  0
"492"  18.034699203844  5.36090498166824  18.034699203844  5.40755125629449  0  1  0  0  0
"493"  21.5700527391975  0.500883117414991  21.5700527391975  0.519631041310707  1  0  0  0  0
"494"  23.085204254349  1.64457884999733  23.085204254349  1.68086404922228  0  1  0  0  0
"495"  27.6306587998036  5.80215579711222  27.6306587998036  5.39971879843943  0  1  0  0  0
"496"  29.6508608200056  5.66681256765727  29.6508608200056  5.5680952511378  0  0  1  0  0
"497"  30.6609618301066  5.55065480588864  30.6609618301066  5.07386132787842  0  0  0  1  0
"498"  44.2973254664702  5.90543044698975  44.2973254664702  5.46018554098523  0  0  0  1  0
"499"  45.8124769816217  1.47842494386062  45.8124769816217  1.37705135379732  1  0  0  0  1
"500"  3.38823455737932  5.13272851159403  3.38823455737932  5.23864645523557  0  0  0  1  0
"501"  4.39833556748033  0.553607119553209  4.39833556748033  0.80865888677393  0  1  0  0  0
"502"  7.93368910283387  0.476167002577675  7.93368910283387  0.440127807088536  1  0  0  0  0
"503"  8.94379011293488  4.96053622254963  8.94379011293488  4.76252751808474  1  0  0  0  0
"504"  13.4892446583894  0.402653069669581  13.4892446583894  6.2503432216842  0  1  0  0  0
"505"  26.115507284652  4.96736387857967  26.115507284652  4.892856537558  0  1  0  0  0
"506"  32.6811638503086  0.355967858540514  32.6811638503086  0.430121839246401  0  1  0  0  0
"507"  41.7720729412177  6.13459080702228  41.7720729412177  6.16039871505996  0  1  0  0  0
"508"  45.8124769816217  1.47842494386062  45.8124769816217  1.39559547590837  1  0  0  0  1
"509"  0.862982032126794  0.318393023774945  0.862982032126794  0.500522444347837  0  0  1  0  0
"510"  4.39833556748033  0.553607119553209  4.39833556748033  0.148166352723212  0  0  1  0  0
"511"  7.93368910283387  0.476167002577675  7.93368910283387  0.645573258750481  0  0  1  0  0
"512"  9.44884061798538  0.495878918340055  9.44884061798538  0.245526716822384  0  1  0  0  0
"513"  11.4690426381874  1.20695980808507  11.4690426381874  1.21351662960644  1  0  0  0  0
"514"  12.4791436482884  0.714351654598175  12.4791436482884  1.05927130634492  0  0  0  1  0
"515"  16.0144971836419  0.945634914243308  16.0144971836419  1.27270988249936  0  0  0  1  0
"516"  17.5296486987935  0.592268614113743  17.5296486987935  0.330589506790454  0  0  0  1  0
"517"  19.044800213945  5.85382848976897  19.044800213945  5.8102651117255  0  0  0  1  0
"518"  22.5801537492985  5.18242388711988  22.5801537492985  5.38065236275761  0  0  1  0  0
"519"  23.5902547593995  1.17524254007639  23.5902547593995  1.24854193639384  1  0  0  0  0
"520"  27.6306587998036  5.80215579711222  27.6306587998036  5.56505045315572  1  0  0  0  0
"521"  32.1761133452581  0.25503483662383  32.1761133452581  6.04998099307625  0  0  1  0  0
"522"  32.6811638503086  0.355967858540514  32.6811638503086  0.214618909372637  1  0  0  0  0
"523"  34.1963153654601  0.0372454898455731  34.1963153654601  0.196773708055317  0  0  1  0  0
"524"  38.2367194058642  5.36539328262618  38.2367194058642  5.69741859754024  0  0  1  0  0
"525"  44.8023759715207  5.89996826235876  44.8023759715207  6.24472367886194  0  0  0  1  0
"526"  45.3074264765712  6.12539506196511  45.3074264765712  6.27699597278146  1  0  0  0  0
"527"  50.3579315270763  5.63386415026046  50.3579315270763  5.23496099130146  0  1  0  0  1
"528"  5.40843657758134  6.22193565878971  5.40843657758134  6.19378004975571  1  0  0  0  0
"529"  17.5296486987935  0.592268614113743  17.5296486987935  0.447055063924233  0  0  1  0  0
"530"  20.054901224046  5.18180041166108  20.054901224046  5.08781099121172  0  0  0  1  0
"531"  32.1761133452581  0.25503483662383  32.1761133452581  6.05332009021288  0  1  0  0  0
"532"  38.2367194058642  5.36539328262618  38.2367194058642  4.96168497369102  0  1  0  0  0
"533"  39.7518709210157  6.08129946142816  39.7518709210157  0.0786961959610499  1  0  0  0  0
"534"  44.8023759715207  5.89996826235876  44.8023759715207  5.5558279257428  1  0  0  0  0
"535"  46.8225779917228  4.65852117158187  46.8225779917228  4.29406473288959  0  0  1  0  1
"536"  0.862982032126794  0.318393023774945  0.862982032126794  0.193954663907164  0  1  0  0  0
"537"  5.40843657758134  6.22193565878971  5.40843657758134  6.17080725550605  0  1  0  0  0
"538"  7.93368910283387  0.476167002577675  7.93368910283387  0.074664346292955  0  0  1  0  0
"539"  10.9639921331369  5.37848938785589  10.9639921331369  5.37610606959185  0  0  0  1  0
"540"  16.0144971836419  0.945634914243308  16.0144971836419  0.937488245691819  0  0  1  0  0
"541"  17.024598193743  1.05128047826312  17.024598193743  0.6504382770656  0  1  0  0  0
"542"  31.1660123351571  1.01964950065085  31.1660123351571  0.688391466550091  0  1  0  0  0
"543"  35.2064163755611  5.65923794160774  35.2064163755611  5.88593963847673  1  0  0  0  0
"544"  39.2468204159652  1.17340238334381  39.2468204159652  1.55890966940441  0  0  0  1  0
"545"  45.3074264765712  6.12539506196511  45.3074264765712  6.14074846012985  1  0  0  0  0
"546"  46.8225779917228  4.65852117158187  46.8225779917228  4.73112234186096  1  0  0  0  0
"547"  48.3377295068743  2.74493081214414  48.3377295068743  2.95115851516412  1  0  0  0  1
"548"  4.39833556748033  0.553607119553209  4.39833556748033  0.288917729704128  1  0  0  0  0
"549"  5.40843657758134  6.22193565878971  5.40843657758134  5.94723781159101  0  0  0  1  0
"550"  5.91348708263185  1.79149088064052  5.91348708263185  1.61020639176323  0  0  0  1  0
"551"  10.9639921331369  5.37848938785589  10.9639921331369  4.91453319385743  1  0  0  0  0
"552"  11.4690426381874  1.20695980808507  11.4690426381874  0.983387647269248  1  0  0  0  0
"553"  14.4993456684904  5.45220257550964  14.4993456684904  5.44393962830791  1  0  0  0  0
"554"  15.0043961735409  3.15872440184186  15.0043961735409  3.0060694895191  0  0  0  1  0
"555"  22.5801537492985  5.18242388711988  22.5801537492985  5.25224014445885  0  0  0  1  0
"556"  31.1660123351571  1.01964950065085  31.1660123351571  1.10402035915249  1  0  0  0  0
"557"  35.7114668806116  6.14714389448967  35.7114668806116  6.21593481456843  0  1  0  0  0
"558"  45.8124769816217  1.47842494386062  45.8124769816217  1.6284087350294  1  0  0  0  1
"559"  3.89328506242982  0.064790468382993  3.89328506242982  6.12790428913234  1  0  0  0  0
"560"  4.90338607253083  5.45894364537997  4.90338607253083  5.55970769925369  0  0  1  0  0
"561"  7.42863859778336  5.74349793428676  7.42863859778336  5.70434066173741  1  0  0  0  0
"562"  15.5094466785914  0.639292866517274  15.5094466785914  0.178517778231247  0  0  1  0  0
"563"  16.0144971836419  0.945634914243308  16.0144971836419  1.30845070691564  0  0  0  1  0
"564"  23.085204254349  1.64457884999733  23.085204254349  2.13934244714487  0  1  0  0  0
"565"  26.115507284652  4.96736387857967  26.115507284652  4.94958618605309  1  0  0  0  0
"566"  27.1256082947531  0.865704902642804  27.1256082947531  0.508773701460498  1  0  0  0  0
"567"  29.6508608200056  5.66681256765727  29.6508608200056  5.39916928407032  0  0  0  1  0
"568"  40.7619719311167  4.38377384862807  40.7619719311167  4.43552612045724  0  1  0  0  1
"569"  6.41853758768235  0.87865949111189  6.41853758768235  0.896547901361615  0  0  1  0  0
"570"  15.0043961735409  3.15872440184186  15.0043961735409  3.61491564381587  0  0  0  1  0
"571"  15.5094466785914  0.639292866517274  15.5094466785914  0.630749513687982  0  0  1  0  0
"572"  17.024598193743  1.05128047826312  17.024598193743  1.53124609148673  0  0  0  1  0
"573"  21.5700527391975  0.500883117414991  21.5700527391975  0.0348051657005942  0  1  0  0  0
"574"  26.115507284652  4.96736387857967  26.115507284652  5.10468544201725  0  0  0  1  0
"575"  31.6710628402076  5.84395284648216  31.6710628402076  5.98404086870304  0  0  0  1  0
"576"  32.6811638503086  0.355967858540514  32.6811638503086  0.598266336102658  0  0  1  0  0
"577"  37.2266183957632  4.47877718885028  37.2266183957632  4.28798817311943  0  0  1  0  0
"578"  39.2468204159652  1.17340238334381  39.2468204159652  1.60809216334254  0  1  0  0  0
"579"  41.2670224361672  5.21627957339595  41.2670224361672  5.23597995972458  0  0  1  0  1
"580"  2.37813354727831  0.85607998729223  2.37813354727831  1.2531482649921  0  0  1  0  0
"581"  5.91348708263185  1.79149088064052  5.91348708263185  1.71662617717712  0  0  1  0  0
"582"  23.5902547593995  1.17524254007639  23.5902547593995  1.28897884057277  1  0  0  0  0
"583"  27.1256082947531  0.865704902642804  27.1256082947531  0.366309600611615  0  0  1  0  0
"584"  35.2064163755611  5.65923794160774  35.2064163755611  5.93718350596903  0  1  0  0  0
"585"  36.7215678907127  5.68421187999485  36.7215678907127  5.54676658732643  0  0  1  0  0
"586"  37.2266183957632  4.47877718885028  37.2266183957632  4.46029003341281  0  0  1  0  0
"587"  38.7417699109147  6.14745268086364  38.7417699109147  5.97181958542598  0  0  0  1  0
"588"  40.2569214260662  5.99187401450466  40.2569214260662  5.98189905612957  0  1  0  0  0
"589"  40.7619719311167  4.38377384862807  40.7619719311167  4.68735016810652  1  0  0  0  0
"590"  44.2973254664702  5.90543044698975  44.2973254664702  6.14420847213446  0  0  1  0  1
"591"  2.37813354727831  0.85607998729223  2.37813354727831  1.02285078754188  0  1  0  0  0
"592"  7.93368910283387  0.476167002577675  7.93368910283387  0.843130764203486  0  1  0  0  0
"593"  9.95389112303589  0.370129135105639  9.95389112303589  0.725198127929002  0  1  0  0  0
"594"  13.4892446583894  0.402653069669581  13.4892446583894  0.765876844493872  0  0  0  1  0
"595"  14.4993456684904  5.45220257550964  14.4993456684904  4.97778469253818  1  0  0  0  0
"596"  16.5195476886925  4.70042118543384  16.5195476886925  4.49303884335419  0  1  0  0  0
"597"  18.5397497088945  5.14797100547599  18.5397497088945  4.71605361841516  0  0  0  1  0
"598"  25.6104567796015  5.46101197379612  25.6104567796015  5.81238996994652  0  0  1  0  0
"599"  27.1256082947531  0.865704902642804  27.1256082947531  0.874806076017606  1  0  0  0  0
"600"  36.2165173856622  0.231800758958318  36.2165173856622  0.430141875034653  0  0  0  1  0
"601"  45.8124769816217  1.47842494386062  45.8124769816217  1.15763313473948  0  0  1  0  0
"602"  47.3276284967733  5.11755931708451  47.3276284967733  4.62655567778695  0  0  1  0  1
"603"  2.88318405232881  1.97687447402028  2.88318405232881  1.8651712697964  0  0  1  0  0
"604"  3.38823455737932  5.13272851159403  3.38823455737932  5.39864688262881  0  1  0  0  0
"605"  4.39833556748033  0.553607119553209  4.39833556748033  0.528163241062731  1  0  0  0  0
"606"  11.4690426381874  1.20695980808507  11.4690426381874  0.745674775287463  1  0  0  0  0
"607"  16.0144971836419  0.945634914243308  16.0144971836419  0.875145184255851  0  0  0  1  0
"608"  19.5498507189955  1.77247268326542  19.5498507189955  1.59555662369317  0  1  0  0  0
"609"  20.054901224046  5.18180041166108  20.054901224046  5.58017252652992  0  0  0  1  0
"610"  20.5599517290965  0.312878690152317  20.5599517290965  0.221186243654117  0  0  0  1  0
"611"  22.075103244248  5.26901374690444  22.075103244248  5.18554564195894  1  0  0  0  0
"612"  28.1357093048541  1.00550374715564  28.1357093048541  0.56874157000308  1  0  0  0  0
"613"  37.2266183957632  4.47877718885028  37.2266183957632  4.26528570502595  0  0  0  1  0
"614"  38.2367194058642  5.36539328262618  38.2367194058642  5.60672389437853  0  1  0  0  0
"615"  40.2569214260662  5.99187401450466  40.2569214260662  5.59982038383599  1  0  0  0  1
"616"  0.862982032126794  0.318393023774945  0.862982032126794  0.188167048941352  0  1  0  0  0
"617"  2.88318405232881  1.97687447402028  2.88318405232881  1.71433462347237  1  0  0  0  0
"618"  3.89328506242982  0.064790468382993  3.89328506242982  0.029509507072502  0  0  1  0  0
"619"  4.39833556748033  0.553607119553209  4.39833556748033  0.161340411127032  0  0  0  1  1
"620"  25.6104567796015  5.46101197379612  25.6104567796015  5.08827375097171  1  0  0  0  0
"621"  28.1357093048541  1.00550374715564  28.1357093048541  1.05272712652546  1  0  0  0  0
"622"  29.1458103149551  0.157861411610141  29.1458103149551  0.460870293007686  0  1  0  0  0
"623"  31.1660123351571  1.01964950065085  31.1660123351571  0.573540547322044  0  0  0  1  0
"624"  39.2468204159652  1.17340238334381  39.2468204159652  1.36727799673334  0  0  1  0  0
"625"  41.7720729412177  6.13459080702228  41.7720729412177  0.178281613499607  0  1  0  0  0
"626"  48.8427800119248  5.49361685843927  48.8427800119248  5.67404370190365  0  0  1  0  0
"627"  49.3478305169753  5.41142442383206  49.3478305169753  5.65990828562862  0  1  0  0  1
"628"  5.91348708263185  1.79149088064052  5.91348708263185  1.39532977655373  0  1  0  0  0
"629"  7.93368910283387  0.476167002577675  7.93368910283387  0.654882202741099  1  0  0  0  0
"630"  8.94379011293488  4.96053622254963  8.94379011293488  4.66851027809876  0  0  1  0  0
"631"  11.9740931432379  0.327686646911802  11.9740931432379  0.214427286484766  0  0  1  0  0
"632"  13.9942951634399  0.887343348394223  13.9942951634399  0.786724266520777  0  0  0  1  0
"633"  15.0043961735409  3.15872440184186  15.0043961735409  3.65725908055621  0  1  0  0  0
"634"  18.034699203844  5.36090498166824  18.034699203844  5.53920702152619  0  1  0  0  0
"635"  30.6609618301066  5.55065480588864  30.6609618301066  5.45579210312034  1  0  0  0  0
"636"  33.1862143553591  4.32294259967022  33.1862143553591  4.42721148931161  0  0  1  0  0
"637"  33.6912648604096  5.13156735001982  33.6912648604096  5.0414347647588  0  0  0  1  0
"638"  37.2266183957632  4.47877718885028  37.2266183957632  4.55940149076813  1  0  0  0  0
"639"  39.7518709210157  6.08129946142816  39.7518709210157  6.26827707305  0  0  0  1  0
"640"  41.2670224361672  5.21627957339595  41.2670224361672  5.31321708567637  1  0  0  0  0
"641"  43.7922749614197  0.680565318905799  43.7922749614197  0.332209891055761  0  1  0  0  0
"642"  45.3074264765712  6.12539506196511  45.3074264765712  5.83519899780398  1  0  0  0  0
"643"  45.8124769816217  1.47842494386062  45.8124769816217  1.87630085681379  0  0  0  1  0
"644"  47.8326790018238  0.769383408119694  47.8326790018238  0.57999249267371  0  0  0  1  1
"645"  3.89328506242982  0.064790468382993  3.89328506242982  6.24245433109848  0  0  1  0  0
"646"  9.44884061798538  0.495878918340055  9.44884061798538  0.272187040431051  0  0  1  0  0
"647"  9.95389112303589  0.370129135105639  9.95389112303589  6.21834542290762  1  0  0  0  0
"648"  12.9841941533389  5.66544624247412  12.9841941533389  5.55570499032559  1  0  0  0  0
"649"  13.9942951634399  0.887343348394223  13.9942951634399  1.04078458032485  0  0  1  0  0
"650"  14.4993456684904  5.45220257550964  14.4993456684904  5.31298045464346  1  0  0  0  0
"651"  18.5397497088945  5.14797100547599  18.5397497088945  5.4910567491957  0  1  0  0  0
"652"  19.5498507189955  1.77247268326542  19.5498507189955  1.65907302794008  0  0  0  1  0
"653"  20.054901224046  5.18180041166108  20.054901224046  5.52878750522707  0  0  1  0  0
"654"  21.5700527391975  0.500883117414991  21.5700527391975  0.234636646559442  0  0  0  1  0
"655"  26.6205577897026  6.05315345967177  26.6205577897026  0.242497567533389  1  0  0  0  0
"656"  32.1761133452581  0.25503483662383  32.1761133452581  0.197317943358806  1  0  0  0  0
"657"  36.7215678907127  5.68421187999485  36.7215678907127  5.59711290013803  0  0  0  1  0
"658"  38.7417699109147  6.14745268086364  38.7417699109147  0.33084900373892  1  0  0  0  0
"659"  43.7922749614197  0.680565318905799  43.7922749614197  0.878222329656644  1  0  0  0  0
"660"  47.3276284967733  5.11755931708451  47.3276284967733  4.9992539049634  1  0  0  0  0
"661"  50.3579315270763  5.63386415026046  50.3579315270763  5.24443896102615  0  0  1  0  1
"662"  15.5094466785914  0.639292866517274  15.5094466785914  0.144145797299637  0  0  0  1  0
"663"  26.115507284652  4.96736387857967  26.115507284652  4.82220285032675  0  0  1  0  0
"664"  34.1963153654601  0.0372454898455731  34.1963153654601  0.513107847611009  0  0  0  1  0
"665"  39.7518709210157  6.08129946142816  39.7518709210157  6.01816068287388  1  0  0  0  0
"666"  45.3074264765712  6.12539506196511  45.3074264765712  5.87722854763736  0  1  0  0  0
"667"  46.8225779917228  4.65852117158187  46.8225779917228  4.28434781163646  0  1  0  0  1
"668"  2.37813354727831  0.85607998729223  2.37813354727831  1.24974530846351  0  0  0  1  0
"669"  13.4892446583894  0.402653069669581  13.4892446583894  0.0124835176078741  0  0  1  0  0
"670"  15.0043961735409  3.15872440184186  15.0043961735409  3.20160034345183  0  0  0  1  0
"671"  25.105406274551  6.25882269931788  25.105406274551  6.01250264840962  0  1  0  0  0
"672"  33.1862143553591  4.32294259967022  33.1862143553591  4.04418289150782  1  0  0  0  0
"673"  36.7215678907127  5.68421187999485  36.7215678907127  5.47167580763636  0  0  0  1  0
"674"  42.2771234462682  0.644982217757684  42.2771234462682  0.745695845170599  0  0  1  0  0
"675"  42.7821739513187  0.995691059368073  42.7821739513187  1.41953580544923  0  0  1  0  0
"676"  44.8023759715207  5.89996826235876  44.8023759715207  5.956481516191  0  0  1  0  1
"677"  0.357931527076289  5.29206320254711  0.357931527076289  5.31517327374426  0  1  0  0  0
"678"  4.90338607253083  5.45894364537997  4.90338607253083  5.07598424507631  1  0  0  0  0
"679"  10.9639921331369  5.37848938785589  10.9639921331369  4.93572681157945  0  0  0  1  0
"680"  15.0043961735409  3.15872440184186  15.0043961735409  2.93060253746527  0  0  1  0  0
"681"  17.024598193743  1.05128047826312  17.024598193743  1.13513220079787  0  1  0  0  0
"682"  19.5498507189955  1.77247268326542  19.5498507189955  1.854208928458  0  1  0  0  0
"683"  24.09530526445  0.957661324452108  24.09530526445  0.8849051508973  0  1  0  0  0
"684"  26.6205577897026  6.05315345967177  26.6205577897026  5.67956602688867  0  0  1  0  0
"685"  30.6609618301066  5.55065480588864  30.6609618301066  5.60280749101121  0  0  1  0  0
"686"  34.1963153654601  0.0372454898455731  34.1963153654601  6.13122845181596  0  0  1  0  0
"687"  34.7013658705106  5.98941336844656  34.7013658705106  6.15775716274585  1  0  0  0  0
"688"  41.2670224361672  5.21627957339595  41.2670224361672  5.21513350925605  0  0  1  0  0
"689"  41.7720729412177  6.13459080702228  41.7720729412177  0.150545337111438  0  0  1  0  0
"690"  47.3276284967733  5.11755931708451  47.3276284967733  4.65350527763788  0  1  0  0  0
"691"  49.3478305169753  5.41142442383206  49.3478305169753  5.4109257487893  0  0  0  1  1
"692"  1.3680325371773  6.28278287778247  1.3680325371773  6.11855755023296  0  1  0  0  0
"693"  4.39833556748033  0.553607119553209  4.39833556748033  0.457280539747746  0  0  1  0  0
"694"  17.5296486987935  0.592268614113743  17.5296486987935  0.903782747701223  1  0  0  0  0
"695"  31.1660123351571  1.01964950065085  31.1660123351571  0.553280260571772  0  0  0  1  0
"696"  35.7114668806116  6.14714389448967  35.7114668806116  6.0776589975318  0  1  0  0  0
"697"  40.7619719311167  4.38377384862807  40.7619719311167  4.80005332266856  0  1  0  0  1
"698"  4.90338607253083  5.45894364537997  4.90338607253083  5.20928926756932  0  1  0  0  0
"699"  21.5700527391975  0.500883117414991  21.5700527391975  0.388139420984293  1  0  0  0  0
"700"  25.105406274551  6.25882269931788  25.105406274551  0.475322258190412  0  0  0  1  0
"701"  26.6205577897026  6.05315345967177  26.6205577897026  5.99583490331645  1  0  0  0  0
"702"  28.6407598099046  4.36514459621217  28.6407598099046  4.29788392084706  0  1  0  0  0
"703"  33.6912648604096  5.13156735001982  33.6912648604096  5.39116746316582  1  0  0  0  0
"704"  34.1963153654601  0.0372454898455731  34.1963153654601  5.85715363427398  0  0  1  0  0
"705"  39.2468204159652  1.17340238334381  39.2468204159652  1.17389308719665  0  0  1  0  0
"706"  39.7518709210157  6.08129946142816  39.7518709210157  5.75955126993739  0  0  1  0  0
"707"  41.7720729412177  6.13459080702228  41.7720729412177  0.00267695227147158  1  0  0  0  0
"708"  42.2771234462682  0.644982217757684  42.2771234462682  0.656864946654719  0  0  1  0  0
"709"  47.3276284967733  5.11755931708451  47.3276284967733  4.97825365704905  1  0  0  0  1
"710"  3.38823455737932  5.13272851159403  3.38823455737932  4.74302729697505  1  0  0  0  0
"711"  3.89328506242982  0.064790468382993  3.89328506242982  5.91965589761769  0  1  0  0  0
"712"  5.91348708263185  1.79149088064052  5.91348708263185  1.34399851072423  1  0  0  0  0
"713"  6.41853758768235  0.87865949111189  6.41853758768235  0.906865447211445  0  0  0  1  0
"714"  7.42863859778336  5.74349793428676  7.42863859778336  6.08432883755425  0  1  0  0  0
"715"  7.93368910283387  0.476167002577675  7.93368910283387  0.0436634471419874  0  0  0  1  0
"716"  11.9740931432379  0.327686646911802  11.9740931432379  0.375911609693917  0  1  0  0  0
"717"  14.4993456684904  5.45220257550964  14.4993456684904  5.26036479998866  0  0  1  0  0
"718"  16.0144971836419  0.945634914243308  16.0144971836419  0.612126607594726  0  0  1  0  0
"719"  22.075103244248  5.26901374690444  22.075103244248  5.59049988517747  0  1  0  0  0
"720"  35.7114668806116  6.14714389448967  35.7114668806116  0.226970597541701  0  1  0  0  0
"721"  38.7417699109147  6.14745268086364  38.7417699109147  0.10131768392698  0  0  0  1  0
"722"  42.2771234462682  0.644982217757684  42.2771234462682  0.278668828255218  0  0  1  0  0
"723"  46.3175274866723  5.90746964127485  46.3175274866723  6.21721358909  1  0  0  0  0
"724"  47.8326790018238  0.769383408119694  47.8326790018238  0.630819576084406  1  0  0  0  1
"725"  4.90338607253083  5.45894364537997  4.90338607253083  5.84339129356994  0  0  1  0  0
"726"  11.4690426381874  1.20695980808507  11.4690426381874  0.896565794318869  0  1  0  0  0
"727"  12.4791436482884  0.714351654598175  12.4791436482884  0.741693667448742  0  0  1  0  0
"728"  20.5599517290965  0.312878690152317  20.5599517290965  0.701699138809815  1  0  0  0  0
"729"  21.5700527391975  0.500883117414991  21.5700527391975  0.275657146334628  0  1  0  0  0
"730"  27.1256082947531  0.865704902642804  27.1256082947531  0.793560486714753  0  0  0  1  0
"731"  29.6508608200056  5.66681256765727  29.6508608200056  5.23643627405394  0  0  1  0  0
"732"  31.6710628402076  5.84395284648216  31.6710628402076  5.89051808789535  0  1  0  0  0
"733"  32.6811638503086  0.355967858540514  32.6811638503086  0.512698347880193  0  1  0  0  0
"734"  37.7316689008137  0.0412993610626532  37.7316689008137  6.12631812578855  1  0  0  0  0
"735"  38.2367194058642  5.36539328262618  38.2367194058642  4.93397966214864  1  0  0  0  1
"736"  5.40843657758134  6.22193565878971  5.40843657758134  6.11822769006668  1  0  0  0  0
"737"  17.5296486987935  0.592268614113743  17.5296486987935  0.600018754616792  0  0  1  0  0
"738"  21.5700527391975  0.500883117414991  21.5700527391975  0.232961507145295  0  1  0  0  0
"739"  26.115507284652  4.96736387857967  26.115507284652  4.47113952502408  1  0  0  0  0
"740"  29.6508608200056  5.66681256765727  29.6508608200056  5.76214554432075  1  0  0  0  0
"741"  38.7417699109147  6.14745268086364  38.7417699109147  6.0606212455353  0  0  1  0  0
"742"  46.8225779917228  4.65852117158187  46.8225779917228  4.22438037713705  0  0  1  0  1
"743"  3.38823455737932  5.13272851159403  3.38823455737932  5.51307340328188  0  0  1  0  0
"744"  12.9841941533389  5.66544624247412  12.9841941533389  5.29577719272869  0  0  1  0  0
"745"  24.6003557695005  0.875966076415632  24.6003557695005  0.748475322176371  0  0  1  0  0
"746"  31.1660123351571  1.01964950065085  31.1660123351571  1.5003046970065  1  0  0  0  0
"747"  39.2468204159652  1.17340238334381  39.2468204159652  1.57967746665471  0  1  0  0  0
"748"  45.8124769816217  1.47842494386062  45.8124769816217  1.07740705308318  0  0  0  1  1
"749"  3.89328506242982  0.064790468382993  3.89328506242982  6.0315740306027  0  1  0  0  0
"750"  5.40843657758134  6.22193565878971  5.40843657758134  5.83104462626344  0  1  0  0  0
"751"  8.94379011293488  4.96053622254963  8.94379011293488  4.54208194359066  0  1  0  0  0
"752"  9.95389112303589  0.370129135105639  9.95389112303589  0.611990144144624  0  1  0  0  0
"753"  15.0043961735409  3.15872440184186  15.0043961735409  3.6103626077501  0  1  0  0  0
"754"  18.034699203844  5.36090498166824  18.034699203844  5.5035772403303  0  0  0  1  0
"755"  19.044800213945  5.85382848976897  19.044800213945  5.69474223650778  0  1  0  0  0
"756"  25.105406274551  6.25882269931788  25.105406274551  6.20717151254246  0  1  0  0  0
"757"  28.6407598099046  4.36514459621217  28.6407598099046  4.65431418177728  0  0  1  0  0
"758"  43.2872244563692  0.274651309262125  43.2872244563692  0.00273137332042933  1  0  0  0  0
"759"  49.3478305169753  5.41142442383206  49.3478305169753  5.33945472704581  0  0  1  0  0
"760"  49.8528810220258  5.53145812032183  49.8528810220258  5.19048723019098  0  1  0  0  1
"761"  14.4993456684904  5.45220257550964  14.4993456684904  5.70214983238394  0  0  1  0  0
"762"  15.0043961735409  3.15872440184186  15.0043961735409  2.75552441598567  0  0  0  1  0
"763"  19.5498507189955  1.77247268326542  19.5498507189955  1.35704518265052  1  0  0  0  0
"764"  20.054901224046  5.18180041166108  20.054901224046  5.47333277144555  0  1  0  0  0
"765"  24.6003557695005  0.875966076415632  24.6003557695005  1.19084527637124  0  0  1  0  0
"766"  26.115507284652  4.96736387857967  26.115507284652  5.03335938622043  0  0  1  0  0
"767"  34.1963153654601  0.0372454898455731  34.1963153654601  0.332991411166786  1  0  0  0  0
"768"  39.7518709210157  6.08129946142816  39.7518709210157  5.90865834709638  0  0  0  1  0
"769"  42.2771234462682  0.644982217757684  42.2771234462682  1.01668568765065  1  0  0  0  0
"770"  46.3175274866723  5.90746964127485  46.3175274866723  6.02995032896016  0  0  1  0  0
"771"  47.8326790018238  0.769383408119694  47.8326790018238  0.669317260840699  0  0  1  0  1
"772"  2.37813354727831  0.85607998729223  2.37813354727831  0.760145712220162  1  0  0  0  0
"773"  2.88318405232881  1.97687447402028  2.88318405232881  1.73653914481735  0  0  0  1  0
"774"  3.38823455737932  5.13272851159403  3.38823455737932  4.6593367805572  0  1  0  0  0
"775"  6.92358809273285  5.35400672768249  6.92358809273285  4.90969073724939  0  0  0  1  0
"776"  10.9639921331369  5.37848938785589  10.9639921331369  5.51329303619547  0  0  1  0  0
"777"  16.5195476886925  4.70042118543384  16.5195476886925  4.33284882546028  0  1  0  0  0
"778"  19.5498507189955  1.77247268326542  19.5498507189955  1.95458035722336  0  0  1  0  0
"779"  20.054901224046  5.18180041166108  20.054901224046  4.79276614251632  0  0  1  0  0
"780"  21.5700527391975  0.500883117414991  21.5700527391975  0.9913733241651  0  0  0  1  0
"781"  28.6407598099046  4.36514459621217  28.6407598099046  4.14402863430846  0  0  0  1  0
"782"  29.1458103149551  0.157861411610141  29.1458103149551  0.499712798783078  0  0  0  1  0
"783"  33.6912648604096  5.13156735001982  33.6912648604096  4.86736205186613  0  0  0  1  0
"784"  34.1963153654601  0.0372454898455731  34.1963153654601  6.1173283550549  0  0  0  1  0
"785"  35.2064163755611  5.65923794160774  35.2064163755611  6.03669925650759  1  0  0  0  0
"786"  40.7619719311167  4.38377384862807  40.7619719311167  4.3859594659688  0  0  1  0  0
"787"  41.2670224361672  5.21627957339595  41.2670224361672  4.86197813030529  0  0  0  1  0
"788"  42.2771234462682  0.644982217757684  42.2771234462682  0.389162325014082  1  0  0  0  0
"789"  49.3478305169753  5.41142442383206  49.3478305169753  5.82710813966914  0  0  1  0  0
"790"  50.3579315270763  5.63386415026046  50.3579315270763  5.4377620984976  1  0  0  0  1
"791"  0.357931527076289  5.29206320254711  0.357931527076289  5.3833576206362  1  0  0  0  0
"792"  2.88318405232881  1.97687447402028  2.88318405232881  1.87121327389365  1  0  0  0  0
"793"  8.94379011293488  4.96053622254963  8.94379011293488  5.01564453646401  1  0  0  0  0
"794"  13.4892446583894  0.402653069669581  13.4892446583894  0.556853355109892  0  1  0  0  0
"795"  13.9942951634399  0.887343348394223  13.9942951634399  0.405262894620263  0  0  0  1  0
"796"  22.075103244248  5.26901374690444  22.075103244248  5.28159022380807  0  0  1  0  0
"797"  23.085204254349  1.64457884999733  23.085204254349  1.75011891416083  0  0  0  1  0
"798"  34.1963153654601  0.0372454898455731  34.1963153654601  0.513277254256009  0  0  1  0  0
"799"  35.2064163755611  5.65923794160774  35.2064163755611  5.79520896996549  0  1  0  0  0
"800"  45.8124769816217  1.47842494386062  45.8124769816217  1.46132245880366  0  1  0  0  0
"801"  46.8225779917228  4.65852117158187  46.8225779917228  4.35389327366551  0  0  0  1  0
"802"  48.3377295068743  2.74493081214414  48.3377295068743  2.66700610796497  0  1  0  0  1
"803"  3.38823455737932  5.13272851159403  3.38823455737932  5.51248896227756  0  0  1  0  0
"804"  10.9639921331369  5.37848938785589  10.9639921331369  5.82388290220967  1  0  0  0  0
"805"  13.4892446583894  0.402653069669581  13.4892446583894  0.0399305980803583  0  0  0  1  0
"806"  17.024598193743  1.05128047826312  17.024598193743  1.5371912659759  0  0  0  1  0
"807"  21.065002234147  0.532092000527714  21.065002234147  0.888370685216446  0  1  0  0  0
"808"  26.6205577897026  6.05315345967177  26.6205577897026  0.0280299526442445  0  1  0  0  0
"809"  27.6306587998036  5.80215579711222  27.6306587998036  5.85908507623099  1  0  0  0  0
"810"  32.6811638503086  0.355967858540514  32.6811638503086  0.640651159188399  1  0  0  0  0
"811"  37.2266183957632  4.47877718885028  37.2266183957632  4.78997147739463  0  1  0  0  0
"812"  37.7316689008137  0.0412993610626532  37.7316689008137  0.000381484653286496  0  0  1  0  0
"813"  42.2771234462682  0.644982217757684  42.2771234462682  0.626645143788961  1  0  0  0  0
"814"  42.7821739513187  0.995691059368073  42.7821739513187  0.548200977012857  0  1  0  0  0
"815"  45.8124769816217  1.47842494386062  45.8124769816217  1.05564737982862  0  0  0  1  0
"816"  46.8225779917228  4.65852117158187  46.8225779917228  4.93990125336399  0  0  1  0  0
"817"  49.3478305169753  5.41142442383206  49.3478305169753  5.49713314374311  0  0  0  1  0
"818"  50.3579315270763  5.63386415026046  50.3579315270763  5.65100181695901  0  0  1  0  1
"819"  4.39833556748033  0.553607119553209  4.39833556748033  0.366889434241177  0  0  0  1  0
"820"  14.4993456684904  5.45220257550964  14.4993456684904  5.08692093169803  0  1  0  0  0
"821"  22.5801537492985  5.18242388711988  22.5801537492985  5.19905386683277  0  0  0  1  0
"822"  28.1357093048541  1.00550374715564  28.1357093048541  0.663973722150299  0  0  0  1  0
"823"  38.7417699109147  6.14745268086364  38.7417699109147  5.9600649448151  0  0  0  1  0
"824"  43.7922749614197  0.680565318905799  43.7922749614197  1.15315301844203  0  0  1  0  0
"825"  44.2973254664702  5.90543044698975  44.2973254664702  5.42648785831957  1  0  0  0  1
"826"  9.44884061798538  0.495878918340055  9.44884061798538  0.509244188444315  1  0  0  0  0
"827"  15.5094466785914  0.639292866517274  15.5094466785914  0.996594962723969  1  0  0  0  0
"828"  17.024598193743  1.05128047826312  17.024598193743  1.25095385035112  0  1  0  0  0
"829"  29.6508608200056  5.66681256765727  29.6508608200056  5.62770501376357  0  1  0  0  0
"830"  32.1761133452581  0.25503483662383  32.1761133452581  0.687238924121496  1  0  0  0  0
"831"  33.1862143553591  4.32294259967022  33.1862143553591  3.85627101619467  0  1  0  0  0
"832"  34.1963153654601  0.0372454898455731  34.1963153654601  0.324552560646608  0  1  0  0  0
"833"  42.2771234462682  0.644982217757684  42.2771234462682  0.317540585708526  0  1  0  0  0
"834"  49.8528810220258  5.53145812032183  49.8528810220258  5.2397816069368  0  1  0  0  1
"835"  0.357931527076289  5.29206320254711  0.357931527076289  5.17299737951366  1  0  0  0  0
"836"  3.38823455737932  5.13272851159403  3.38823455737932  5.25292259164692  0  0  0  1  0
"837"  3.89328506242982  0.064790468382993  3.89328506242982  5.87685863949394  1  0  0  0  0
"838"  6.92358809273285  5.35400672768249  6.92358809273285  5.55954506107612  0  0  1  0  0
"839"  20.5599517290965  0.312878690152317  20.5599517290965  0.729181151795089  0  1  0  0  0
"840"  37.7316689008137  0.0412993610626532  37.7316689008137  0.425491289726876  1  0  0  0  0
"841"  39.2468204159652  1.17340238334381  39.2468204159652  1.60574410215721  1  0  0  0  0
"842"  41.2670224361672  5.21627957339595  41.2670224361672  5.44815497531753  0  0  0  1  0
"843"  47.3276284967733  5.11755931708451  47.3276284967733  5.47688431065019  0  0  1  0  0
"844"  48.3377295068743  2.74493081214414  48.3377295068743  2.88480900552631  1  0  0  0  1
"845"  3.89328506242982  0.064790468382993  3.89328506242982  0.263500711367809  1  0  0  0  0
"846"  20.5599517290965  0.312878690152317  20.5599517290965  0.73115124619089  1  0  0  0  0
"847"  24.6003557695005  0.875966076415632  24.6003557695005  0.981733811928559  0  1  0  0  0
"848"  28.1357093048541  1.00550374715564  28.1357093048541  1.24213359389429  1  0  0  0  0
"849"  35.2064163755611  5.65923794160774  35.2064163755611  5.99478545703171  1  0  0  0  0
"850"  37.2266183957632  4.47877718885028  37.2266183957632  4.60999494772003  0  0  1  0  0
"851"  39.7518709210157  6.08129946142816  39.7518709210157  0.123129826498292  1  0  0  0  0
"852"  46.3175274866723  5.90746964127485  46.3175274866723  6.17904218155619  0  0  1  0  0
"853"  47.8326790018238  0.769383408119694  47.8326790018238  1.19298626039156  0  0  0  1  0
"854"  49.8528810220258  5.53145812032183  49.8528810220258  5.26155195733903  0  0  1  0  1
"855"  3.38823455737932  5.13272851159403  3.38823455737932  5.07326053863929  0  1  0  0  0
"856"  3.89328506242982  0.064790468382993  3.89328506242982  0.29268555082322  0  0  1  0  0
"857"  4.39833556748033  0.553607119553209  4.39833556748033  0.95100896091056  0  1  0  0  0
"858"  4.90338607253083  5.45894364537997  4.90338607253083  5.09386155302963  0  1  0  0  0
"859"  6.92358809273285  5.35400672768249  6.92358809273285  5.65515426615259  0  0  0  1  0
"860"  7.93368910283387  0.476167002577675  7.93368910283387  0.617690235959706  0  1  0  0  0
"861"  8.94379011293488  4.96053622254963  8.94379011293488  4.88265199621069  0  0  0  1  0
"862"  9.95389112303589  0.370129135105639  9.95389112303589  0.276871179830164  0  0  0  1  0
"863"  13.9942951634399  0.887343348394223  13.9942951634399  0.401210215100163  0  0  0  1  0
"864"  16.5195476886925  4.70042118543384  16.5195476886925  4.33134899587927  1  0  0  0  0
"865"  21.5700527391975  0.500883117414991  21.5700527391975  0.474070935141275  1  0  0  0  0
"866"  22.075103244248  5.26901374690444  22.075103244248  5.76689740017266  0  1  0  0  0
"867"  27.1256082947531  0.865704902642804  27.1256082947531  0.816025306200075  0  0  1  0  0
"868"  38.7417699109147  6.14745268086364  38.7417699109147  5.94648516434638  0  0  1  0  0
"869"  39.7518709210157  6.08129946142816  39.7518709210157  0.0960944513725854  0  0  0  1  0
"870"  42.2771234462682  0.644982217757684  42.2771234462682  0.343317577329186  0  1  0  0  0
"871"  47.3276284967733  5.11755931708451  47.3276284967733  5.43554198933255  0  0  1  0  1
"872"  0.862982032126794  0.318393023774945  0.862982032126794  6.15967789488658  1  0  0  0  0
"873"  2.88318405232881  1.97687447402028  2.88318405232881  1.78872724837026  0  1  0  0  0
"874"  3.89328506242982  0.064790468382993  3.89328506242982  6.19996002242936  0  1  0  0  0
"875"  5.40843657758134  6.22193565878971  5.40843657758134  0.218547077680467  0  0  1  0  0
"876"  7.93368910283387  0.476167002577675  7.93368910283387  0.214053391596642  0  1  0  0  0
"877"  11.4690426381874  1.20695980808507  11.4690426381874  0.897876952148928  0  0  0  1  0
"878"  13.9942951634399  0.887343348394223  13.9942951634399  1.30835156368006  0  1  0  0  0
"879"  23.5902547593995  1.17524254007639  23.5902547593995  1.09890293248371  0  1  0  0  0
"880"  32.6811638503086  0.355967858540514  32.6811638503086  6.17884599648013  1  0  0  0  0
"881"  33.1862143553591  4.32294259967022  33.1862143553591  4.64161530907005  0  0  1  0  0
"882"  39.2468204159652  1.17340238334381  39.2468204159652  0.762864501101453  0  1  0  0  0
"883"  40.2569214260662  5.99187401450466  40.2569214260662  5.610632327164  0  1  0  0  0
"884"  41.2670224361672  5.21627957339595  41.2670224361672  5.64974315826047  1  0  0  0  0
"885"  45.3074264765712  6.12539506196511  45.3074264765712  6.2167352785403  0  1  0  0  1
"886"  1.3680325371773  6.28278287778247  1.3680325371773  5.92216386085946  0  0  0  1  0
"887"  4.90338607253083  5.45894364537997  4.90338607253083  5.10670016650437  0  0  0  1  0
"888"  10.9639921331369  5.37848938785589  10.9639921331369  5.66233760624288  0  1  0  0  0
"889"  12.9841941533389  5.66544624247412  12.9841941533389  5.6609208445699  0  0  0  1  0
"890"  13.4892446583894  0.402653069669581  13.4892446583894  6.2331420178313  0  1  0  0  0
"891"  13.9942951634399  0.887343348394223  13.9942951634399  1.0186768646064  0  0  0  1  0
"892"  18.034699203844  5.36090498166824  18.034699203844  5.50849421187969  0  1  0  0  0
"893"  22.075103244248  5.26901374690444  22.075103244248  5.22247959373728  0  0  0  1  0
"894"  23.5902547593995  1.17524254007639  23.5902547593995  1.64698598196172  0  0  1  0  0
"895"  28.6407598099046  4.36514459621217  28.6407598099046  4.82770643011723  0  0  1  0  0
"896"  32.6811638503086  0.355967858540514  32.6811638503086  0.13109879075984  0  0  1  0  0
"897"  33.6912648604096  5.13156735001982  33.6912648604096  5.03212556674995  0  0  1  0  0
"898"  36.7215678907127  5.68421187999485  36.7215678907127  5.7578222991695  1  0  0  0  0
"899"  37.7316689008137  0.0412993610626532  37.7316689008137  5.92473710425054  0  0  0  1  0
"900"  38.2367194058642  5.36539328262618  38.2367194058642  5.54091282516195  0  0  1  0  0
"901"  40.2569214260662  5.99187401450466  40.2569214260662  5.52019508440275  1  0  0  0  0
"902"  45.8124769816217  1.47842494386062  45.8124769816217  1.34947878110037  0  1  0  0  0
"903"  46.8225779917228  4.65852117158187  46.8225779917228  4.99043388494005  0  0  1  0  1
"904"  4.39833556748033  0.553607119553209  4.39833556748033  0.866363771100015  1  0  0  0  0
"905"  7.42863859778336  5.74349793428676  7.42863859778336  5.50537104169027  0  0  0  1  0
"906"  9.44884061798538  0.495878918340055  9.44884061798538  0.627399262750147  1  0  0  0  0
"907"  11.4690426381874  1.20695980808507  11.4690426381874  1.0662054720595  0  1  0  0  0
"908"  12.4791436482884  0.714351654598175  12.4791436482884  0.979073879621608  1  0  0  0  0
"909"  12.9841941533389  5.66544624247412  12.9841941533389  5.37520391323427  0  1  0  0  0
"910"  17.5296486987935  0.592268614113743  17.5296486987935  0.193277388826425  0  0  0  1  0
"911"  18.5397497088945  5.14797100547599  18.5397497088945  4.9807316838474  0  0  1  0  0
"912"  22.075103244248  5.26901374690444  22.075103244248  4.79557286531873  0  0  0  1  0
"913"  26.115507284652  4.96736387857967  26.115507284652  5.23310559006207  0  1  0  0  0
"914"  29.1458103149551  0.157861411610141  29.1458103149551  0.0833935726354711  0  0  1  0  0
"915"  35.7114668806116  6.14714389448967  35.7114668806116  5.6965557615364  0  0  0  1  0
"916"  40.7619719311167  4.38377384862807  40.7619719311167  3.97229148911257  0  0  1  0  0
"917"  47.3276284967733  5.11755931708451  47.3276284967733  4.83129527983677  0  0  0  1  1
"918"  3.38823455737932  5.13272851159403  3.38823455737932  4.77548391081931  0  0  0  1  0
"919"  8.43873960788437  6.27954669496687  8.43873960788437  0.0481089096384979  0  0  0  1  0
"920"  10.9639921331369  5.37848938785589  10.9639921331369  5.79440369078054  0  0  0  1  0
"921"  11.9740931432379  0.327686646911802  11.9740931432379  0.66215647729628  0  0  0  1  0
"922"  12.9841941533389  5.66544624247412  12.9841941533389  6.16531749015497  0  0  0  1  1
"923"  32.6811638503086  0.355967858540514  32.6811638503086  0.65703427532191  0  1  0  0  0
"924"  35.7114668806116  6.14714389448967  35.7114668806116  5.95159784556348  0  0  0  1  0
"925"  36.2165173856622  0.231800758958318  36.2165173856622  6.21099609345151  1  0  0  0  0
"926"  41.2670224361672  5.21627957339595  41.2670224361672  4.99691307976108  1  0  0  0  0
"927"  46.8225779917228  4.65852117158187  46.8225779917228  4.63545189510746  0  1  0  0  0
"928"  47.8326790018238  0.769383408119694  47.8326790018238  0.879484192924366  0  1  0  0  0
"929"  48.3377295068743  2.74493081214414  48.3377295068743  2.52522042345763  1  0  0  0  0
"930"  50.3579315270763  5.63386415026046  50.3579315270763  5.63092103984102  0  1  0  0  1
"931"  8.94379011293488  4.96053622254963  8.94379011293488  5.29400931030373  0  1  0  0  0
"932"  15.0043961735409  3.15872440184186  15.0043961735409  3.61166977067198  0  0  0  1  0
"933"  16.5195476886925  4.70042118543384  16.5195476886925  4.79530737289784  0  0  0  1  0
"934"  25.6104567796015  5.46101197379612  25.6104567796015  5.71191230963886  1  0  0  0  0
"935"  30.6609618301066  5.55065480588864  30.6609618301066  5.51551313877034  0  1  0  0  0
"936"  31.1660123351571  1.01964950065085  31.1660123351571  0.73094466134862  0  0  1  0  0
"937"  34.1963153654601  0.0372454898455731  34.1963153654601  0.23445626436971  0  0  0  1  0
"938"  38.2367194058642  5.36539328262618  38.2367194058642  4.8716662894137  0  0  1  0  0
"939"  40.7619719311167  4.38377384862807  40.7619719311167  4.2421916741686  0  0  1  0  0
"940"  49.3478305169753  5.41142442383206  49.3478305169753  5.88469431389457  0  0  0  1  1
"941"  1.8730830422278  0.163966349372375  1.8730830422278  0.54216269385043  0  0  1  0  0
"942"  5.40843657758134  6.22193565878971  5.40843657758134  0.271554631710512  0  0  1  0  0
"943"  16.0144971836419  0.945634914243308  16.0144971836419  1.08634867417411  0  1  0  0  0
"944"  30.6609618301066  5.55065480588864  30.6609618301066  5.94226905719306  0  0  0  1  0
"945"  34.1963153654601  0.0372454898455731  34.1963153654601  0.446921606271117  0  0  0  1  0
"946"  42.7821739513187  0.995691059368073  42.7821739513187  1.29658732235093  1  0  0  0  0
"947"  44.2973254664702  5.90543044698975  44.2973254664702  6.02716549756556  0  0  0  1  0
"948"  48.8427800119248  5.49361685843927  48.8427800119248  5.25368660263506  0  1  0  0  1
"949"  0.357931527076289  5.29206320254711  0.357931527076289  5.16200968304297  0  0  0  1  0
"950"  1.3680325371773  6.28278287778247  1.3680325371773  5.84829646673623  1  0  0  0  0
"951"  16.0144971836419  0.945634914243308  16.0144971836419  0.865362766578508  0  0  1  0  0
"952"  19.044800213945  5.85382848976897  19.044800213945  6.06991387669714  1  0  0  0  0
"953"  28.1357093048541  1.00550374715564  28.1357093048541  1.4199548240376  1  0  0  0  0
"954"  33.1862143553591  4.32294259967022  33.1862143553591  4.48946794310324  0  1  0  0  0
"955"  35.2064163755611  5.65923794160774  35.2064163755611  5.2336955178733  1  0  0  0  0
"956"  36.7215678907127  5.68421187999485  36.7215678907127  5.33311446945009  0  0  0  1  0
"957"  41.7720729412177  6.13459080702228  41.7720729412177  0.229825820647861  1  0  0  0  0
"958"  44.8023759715207  5.89996826235876  44.8023759715207  0.0782953168323255  1  0  0  0  0
"959"  45.8124769816217  1.47842494386062  45.8124769816217  1.80594475834444  1  0  0  0  0
"960"  49.3478305169753  5.41142442383206  49.3478305169753  5.16693451724349  0  0  0  1  1
"961"  4.90338607253083  5.45894364537997  4.90338607253083  4.99079785859539  0  0  1  0  0
"962"  9.95389112303589  0.370129135105639  9.95389112303589  0.0737523295859543  0  1  0  0  0
"963"  11.4690426381874  1.20695980808507  11.4690426381874  1.51096811548616  0  0  0  1  0
"964"  19.044800213945  5.85382848976897  19.044800213945  5.60114131936589  1  0  0  0  0
"965"  21.5700527391975  0.500883117414991  21.5700527391975  0.0885574345979637  0  1  0  0  0
"966"  29.1458103149551  0.157861411610141  29.1458103149551  0.177557379511639  1  0  0  0  0
"967"  33.6912648604096  5.13156735001982  33.6912648604096  4.71984225361526  0  0  1  0  0
"968"  35.7114668806116  6.14714389448967  35.7114668806116  0.00246368059776358  0  0  1  0  0
"969"  36.7215678907127  5.68421187999485  36.7215678907127  6.00945590043267  0  0  0  1  0
"970"  40.7619719311167  4.38377384862807  40.7619719311167  4.05309492790085  0  0  1  0  0
"971"  41.2670224361672  5.21627957339595  41.2670224361672  4.98236999626468  0  0  1  0  0
"972"  46.8225779917228  4.65852117158187  46.8225779917228  4.18862393933063  0  1  0  0  1
"973"  0.862982032126794  0.318393023774945  0.862982032126794  0.564598998378017  1  0  0  0  1
"974"  29.1458103149551  0.157861411610141  29.1458103149551  6.11904357308754  0  0  1  0  0
"975"  31.1660123351571  1.01964950065085  31.1660123351571  1.2017506700191  0  1  0  0  0
"976"  41.2670224361672  5.21627957339595  41.2670224361672  4.90206090326618  0  1  0  0  0
"977"  41.7720729412177  6.13459080702228  41.7720729412177  5.99408205214491  0  0  0  1  0
"978"  43.2872244563692  0.274651309262125  43.2872244563692  0.417237222214325  0  0  0  1  0
"979"  43.7922749614197  0.680565318905799  43.7922749614197  0.218867701360075  1  0  0  0  1
"980"  2.88318405232881  1.97687447402028  2.88318405232881  1.9914334253907  0  0  1  0  0
"981"  3.38823455737932  5.13272851159403  3.38823455737932  5.24984407158175  0  0  0  1  0
"982"  4.39833556748033  0.553607119553209  4.39833556748033  0.171970515352161  1  0  0  0  0
"983"  7.93368910283387  0.476167002577675  7.93368910283387  0.155238920241934  0  0  1  0  0
"984"  9.44884061798538  0.495878918340055  9.44884061798538  0.874945999133958  0  1  0  0  0
"985"  16.5195476886925  4.70042118543384  16.5195476886925  4.50556273452563  1  0  0  0  0
"986"  17.5296486987935  0.592268614113743  17.5296486987935  0.335130312029685  1  0  0  0  0
"987"  19.044800213945  5.85382848976897  19.044800213945  5.97310569625134  0  1  0  0  0
"988"  23.5902547593995  1.17524254007639  23.5902547593995  1.07992403290608  0  0  0  1  0
"989"  25.105406274551  6.25882269931788  25.105406274551  5.81012226013297  0  1  0  0  0
"990"  34.1963153654601  0.0372454898455731  34.1963153654601  6.11433859096241  0  0  0  1  0
"991"  42.7821739513187  0.995691059368073  42.7821739513187  1.07549221252684  0  0  0  1  0
"992"  44.8023759715207  5.89996826235876  44.8023759715207  5.66778534680345  0  1  0  0  0
"993"  45.8124769816217  1.47842494386062  45.8124769816217  1.78444703609497  0  0  1  0  1
"994"  1.3680325371773  6.28278287778247  1.3680325371773  0.277350864582794  0  0  1  0  0
"995"  7.93368910283387  0.476167002577675  7.93368910283387  0.809785054648635  1  0  0  0  0
"996"  12.9841941533389  5.66544624247412  12.9841941533389  5.45068337923671  0  0  1  0  0
"997"  14.4993456684904  5.45220257550964  14.4993456684904  5.58961307862329  0  0  0  1  0
"998"  26.115507284652  4.96736387857967  26.115507284652  4.63958271332816  1  0  0  0  1
"999"  1.8730830422278  0.163966349372375  1.8730830422278  0.379559397510918  0  0  0  1  0
"1000"  5.91348708263185  1.79149088064052  5.91348708263185  2.05591613902553  0  0  1  0  0
"1001"  9.44884061798538  0.495878918340055  9.44884061798538  0.304816896572335  0  0  0  1  0
"1002"  10.4589416280864  0.438015392747837  10.4589416280864  0.698543444275054  0  0  0  1  0
"1003"  11.9740931432379  0.327686646911802  11.9740931432379  0.289638086180689  0  0  1  0  0
"1004"  13.4892446583894  0.402653069669581  13.4892446583894  0.225785922227627  0  0  0  1  0
"1005"  30.6609618301066  5.55065480588864  30.6609618301066  5.94903836647909  0  0  1  0  0
"1006"  37.2266183957632  4.47877718885028  37.2266183957632  4.94683798709483  0  0  1  0  0
"1007"  49.3478305169753  5.41142442383206  49.3478305169753  5.10133618887848  0  1  0  0  1
"1008"  0.357931527076289  5.29206320254711  0.357931527076289  5.01079601592032  0  0  1  0  0
"1009"  2.88318405232881  1.97687447402028  2.88318405232881  2.240056115951  0  1  0  0  0
"1010"  5.40843657758134  6.22193565878971  5.40843657758134  0.396258939354209  1  0  0  0  0
"1011"  16.0144971836419  0.945634914243308  16.0144971836419  0.996103130660666  0  0  0  1  0
"1012"  28.6407598099046  4.36514459621217  28.6407598099046  3.99272688875031  0  0  1  0  0
"1013"  40.7619719311167  4.38377384862807  40.7619719311167  4.74465350292567  0  0  1  0  1
"1014"  10.4589416280864  0.438015392747837  10.4589416280864  0.77354748919526  0  0  1  0  0
"1015"  12.9841941533389  5.66544624247412  12.9841941533389  5.56686786787408  0  0  1  0  0
"1016"  13.9942951634399  0.887343348394223  13.9942951634399  1.24801507980477  1  0  0  0  0
"1017"  21.5700527391975  0.500883117414991  21.5700527391975  0.645117812653983  1  0  0  0  0
"1018"  29.6508608200056  5.66681256765727  29.6508608200056  5.3655445691314  0  1  0  0  0
"1019"  35.2064163755611  5.65923794160774  35.2064163755611  6.00954124831772  1  0  0  0  0
"1020"  45.8124769816217  1.47842494386062  45.8124769816217  1.13030688801594  0  0  0  1  0
"1021"  47.3276284967733  5.11755931708451  47.3276284967733  5.39589301129293  0  0  0  1  1
"1022"  4.39833556748033  0.553607119553209  4.39833556748033  0.0683986929510245  1  0  0  0  0
"1023"  12.4791436482884  0.714351654598175  12.4791436482884  0.362301693377702  1  0  0  0  0
"1024"  16.5195476886925  4.70042118543384  16.5195476886925  4.29486092316544  0  0  0  1  0
"1025"  26.6205577897026  6.05315345967177  26.6205577897026  6.1469934719986  0  1  0  0  0
"1026"  29.1458103149551  0.157861411610141  29.1458103149551  6.07592833186732  1  0  0  0  0
"1027"  35.7114668806116  6.14714389448967  35.7114668806116  6.17759975852427  1  0  0  0  0
"1028"  37.2266183957632  4.47877718885028  37.2266183957632  4.11394640481629  0  0  1  0  0
"1029"  41.7720729412177  6.13459080702228  41.7720729412177  0.0484308701611411  0  0  1  0  0
"1030"  46.8225779917228  4.65852117158187  46.8225779917228  4.85849336596852  1  0  0  0  0
